         0          1   0.295659   0.456384
      0.01    0.99171   0.361017   0.529337
      0.02    0.99171   0.361114   0.529441
      0.03    0.99171   0.362087   0.530486
      0.04   0.991553   0.369226   0.538084
      0.05    0.99124   0.378493   0.547811
      0.06    0.98819    0.39717    0.56661
      0.07   0.984593    0.41407   0.582971
      0.08   0.974073   0.441876   0.607959
      0.09   0.967895   0.464118   0.627393
       0.1   0.950727   0.502967   0.657888
      0.11   0.920147   0.540278   0.680809
      0.12   0.899891   0.570703   0.698453
      0.13   0.868645    0.61869   0.722664
      0.14   0.836344   0.647209    0.72972
      0.15   0.797005   0.694476   0.742216
      0.16   0.771782   0.726089   0.748238
      0.17   0.728883    0.77003   0.748892
      0.18   0.696621   0.798796   0.744218
      0.19   0.666354   0.836105    0.74164
       0.2   0.627092   0.854191   0.723233
      0.21   0.578836   0.883455   0.699417
      0.22   0.537111   0.911813   0.676012
      0.23    0.49957   0.918654   0.647192
      0.24   0.443884   0.935294   0.602043
      0.25   0.424097   0.947712   0.585973
      0.26   0.371969   0.951196   0.534802
      0.27   0.337127   0.961123   0.499165
      0.28   0.294776    0.97644   0.452843
      0.29   0.261106   0.976642    0.41205
       0.3    0.22161    0.97913   0.361418
      0.31   0.190325   0.979466   0.318719
      0.32   0.175778   0.981265   0.298148
      0.33   0.145198   0.980501   0.252939
      0.34    0.12455   0.977778   0.220955
      0.35   0.110942   0.975265   0.199221
      0.36  0.0949476   0.971311   0.172986
      0.37  0.0769983   0.983607   0.142817
      0.38  0.0638198   0.980263   0.119838
      0.39  0.0526748   0.974576  0.0999475
       0.4  0.0439543   0.978723  0.0841304
      0.41  0.0279994   0.981481  0.0544455
      0.42  0.0188878   0.972973  0.0370563
      0.43  0.0139997   0.966667  0.0275997
      0.44  0.0102456          1  0.0202833
      0.45 0.00527921          1   0.010503
      0.46 0.00281558          1 0.00561535
      0.47 0.00254184          1  0.0050708
      0.48          0          0          0
      0.49          0          0          0
       0.5          0          0          0
      0.51          0          0          0
      0.52          0          0          0
      0.53          0          0          0
      0.54          0          0          0
      0.55          0          0          0
      0.56          0          0          0
      0.57          0          0          0
      0.58          0          0          0
      0.59          0          0          0
       0.6          0          0          0
      0.61          0          0          0
      0.62          0          0          0
      0.63          0          0          0
      0.64          0          0          0
      0.65          0          0          0
      0.66          0          0          0
      0.67          0          0          0
      0.68          0          0          0
      0.69          0          0          0
       0.7          0          0          0
      0.71          0          0          0
      0.72          0          0          0
      0.73          0          0          0
      0.74          0          0          0
      0.75          0          0          0
      0.76          0          0          0
      0.77          0          0          0
      0.78          0          0          0
      0.79          0          0          0
       0.8          0          0          0
      0.81          0          0          0
      0.82          0          0          0
      0.83          0          0          0
      0.84          0          0          0
      0.85          0          0          0
      0.86          0          0          0
      0.87          0          0          0
      0.88          0          0          0
      0.89          0          0          0
       0.9          0          0          0
      0.91          0          0          0
      0.92          0          0          0
      0.93          0          0          0
      0.94          0          0          0
      0.95          0          0          0
      0.96          0          0          0
      0.97          0          0          0
      0.98          0          0          0
      0.99          0          0          0
