         0          1   0.296598   0.457502
      0.01   0.971775    0.52934   0.685357
      0.02   0.971178   0.533183   0.688419
      0.03   0.968272   0.546606   0.698754
      0.04   0.959315   0.582033     0.7245
      0.05   0.953225   0.608538   0.742845
      0.06   0.925916   0.653866   0.766467
      0.07   0.909076   0.688601   0.783626
      0.08   0.876632   0.739105   0.802016
      0.09   0.851553   0.766262   0.806659
       0.1   0.802389    0.81366   0.807985
      0.11   0.748288   0.850695   0.796212
      0.12   0.720661   0.879433    0.79217
      0.13   0.684395   0.910467   0.781408
      0.14   0.654021   0.924033   0.765927
      0.15   0.596377   0.933255    0.72772
      0.16   0.567237    0.93598   0.706382
      0.17   0.514809    0.93741    0.66462
      0.18   0.490645   0.937081   0.644065
      0.19   0.450717   0.936759   0.608606
       0.2   0.426314   0.933615   0.585344
      0.21   0.397174   0.928851   0.556423
      0.22   0.368949   0.924006   0.527336
      0.23   0.347054   0.919428   0.503902
      0.24   0.326035   0.913257   0.480522
      0.25   0.317874   0.910103   0.471179
      0.26   0.295342   0.903166   0.445125
      0.27   0.276791   0.899217   0.423289
      0.28   0.250438   0.893347   0.391206
      0.29   0.239411   0.888143   0.377155
       0.3   0.223846   0.882567   0.357116
      0.31   0.209912   0.872032   0.338373
      0.32   0.201234   0.863636   0.326412
      0.33    0.18539   0.849673    0.30437
      0.34   0.175955   0.830224    0.29037
      0.35   0.153185   0.802273    0.25725
      0.36   0.143272   0.776623   0.241916
      0.37   0.123129   0.732087   0.210803
      0.38   0.109236   0.687732   0.188527
      0.39  0.0830414   0.555556   0.144486
       0.4  0.0553344   0.443709  0.0983977
      0.41  0.0379777   0.305085   0.067547
      0.42  0.0193073    0.16129  0.0344864
      0.43  0.0117834  0.0987654  0.0210549
      0.44  0.0035828  0.0294118 0.00638751
      0.45 0.00218949  0.0166667 0.00387051
      0.46          0          0          0
      0.47          0          0          0
      0.48          0          0          0
      0.49          0          0          0
       0.5          0          0          0
      0.51          0          0          0
      0.52          0          0          0
      0.53          0          0          0
      0.54          0          0          0
      0.55          0          0          0
      0.56          0          0          0
      0.57          0          0          0
      0.58          0          0          0
      0.59          0          0          0
       0.6          0          0          0
      0.61          0          0          0
      0.62          0          0          0
      0.63          0          0          0
      0.64          0          0          0
      0.65          0          0          0
      0.66          0          0          0
      0.67          0          0          0
      0.68          0          0          0
      0.69          0          0          0
       0.7          0          0          0
      0.71          0          0          0
      0.72          0          0          0
      0.73          0          0          0
      0.74          0          0          0
      0.75          0          0          0
      0.76          0          0          0
      0.77          0          0          0
      0.78          0          0          0
      0.79          0          0          0
       0.8          0          0          0
      0.81          0          0          0
      0.82          0          0          0
      0.83          0          0          0
      0.84          0          0          0
      0.85          0          0          0
      0.86          0          0          0
      0.87          0          0          0
      0.88          0          0          0
      0.89          0          0          0
       0.9          0          0          0
      0.91          0          0          0
      0.92          0          0          0
      0.93          0          0          0
      0.94          0          0          0
      0.95          0          0          0
      0.96          0          0          0
      0.97          0          0          0
      0.98          0          0          0
      0.99          0          0          0
