         0          1   0.168956   0.289072
      0.01   0.949951   0.266621   0.416378
      0.02    0.94913   0.270933   0.421536
      0.03   0.943059   0.282648   0.434939
      0.04   0.934854   0.307496   0.462774
      0.05   0.925911   0.321836   0.477647
      0.06   0.906958   0.343125   0.497886
      0.07   0.890876   0.352941   0.505584
      0.08   0.861831   0.364449    0.51227
      0.09   0.835002    0.37449   0.517076
       0.1   0.799885   0.382759    0.51776
      0.11   0.769445   0.390293   0.517891
      0.12   0.752379   0.392996   0.516306
      0.13   0.706433   0.390544   0.503006
      0.14   0.683131   0.391034   0.497368
      0.15   0.637266   0.391371   0.484928
      0.16   0.614047   0.391459   0.478116
      0.17   0.592058   0.390525   0.470624
      0.18   0.558746   0.389016   0.458683
      0.19   0.517558   0.386789   0.442719
       0.2   0.478585   0.385965   0.427314
      0.21   0.444125   0.383318   0.411487
      0.22   0.420085   0.390962   0.405001
      0.23   0.392107    0.38345    0.38773
      0.24   0.361011   0.366806   0.363885
      0.25   0.328274   0.365016   0.345671
      0.26    0.26001   0.357071   0.300907
      0.27   0.225057   0.354726   0.275391
      0.28   0.192731   0.373494   0.254259
      0.29    0.18231   0.376307   0.245623
       0.3   0.156794   0.367206   0.219754
      0.31   0.115195   0.340836   0.172193
      0.32  0.0934526   0.318548    0.14451
      0.33  0.0463571   0.248521  0.0781388
      0.34  0.0457007   0.282759  0.0786841
      0.35  0.0306039    0.28972  0.0553599
      0.36  0.0259271   0.350649  0.0482841
      0.37  0.0128815   0.391304   0.024942
      0.38  0.0128815       0.45  0.0250461
      0.39  0.0128815   0.545455  0.0251687
       0.4  0.0100919        0.6  0.0198499
      0.41  0.0100919   0.777778  0.0199253
      0.42 0.00664588          1   0.013204
      0.43 0.00623564          1   0.012394
      0.44          0          0          0
      0.45          0          0          0
      0.46          0          0          0
      0.47          0          0          0
      0.48          0          0          0
      0.49          0          0          0
       0.5          0          0          0
      0.51          0          0          0
      0.52          0          0          0
      0.53          0          0          0
      0.54          0          0          0
      0.55          0          0          0
      0.56          0          0          0
      0.57          0          0          0
      0.58          0          0          0
      0.59          0          0          0
       0.6          0          0          0
      0.61          0          0          0
      0.62          0          0          0
      0.63          0          0          0
      0.64          0          0          0
      0.65          0          0          0
      0.66          0          0          0
      0.67          0          0          0
      0.68          0          0          0
      0.69          0          0          0
       0.7          0          0          0
      0.71          0          0          0
      0.72          0          0          0
      0.73          0          0          0
      0.74          0          0          0
      0.75          0          0          0
      0.76          0          0          0
      0.77          0          0          0
      0.78          0          0          0
      0.79          0          0          0
       0.8          0          0          0
      0.81          0          0          0
      0.82          0          0          0
      0.83          0          0          0
      0.84          0          0          0
      0.85          0          0          0
      0.86          0          0          0
      0.87          0          0          0
      0.88          0          0          0
      0.89          0          0          0
       0.9          0          0          0
      0.91          0          0          0
      0.92          0          0          0
      0.93          0          0          0
      0.94          0          0          0
      0.95          0          0          0
      0.96          0          0          0
      0.97          0          0          0
      0.98          0          0          0
      0.99          0          0          0
