         0          1   0.337394   0.504555
      0.01   0.905224   0.384373   0.539616
      0.02   0.900389   0.386209   0.540554
      0.03   0.885756   0.392487   0.543946
      0.04   0.842882   0.408542   0.550337
      0.05   0.796586   0.422284   0.551963
      0.06   0.728167   0.451606   0.557471
      0.07   0.675666   0.476138    0.55862
      0.08   0.600531   0.521148    0.55803
      0.09   0.563134   0.560049   0.561587
       0.1   0.512002    0.61349    0.55817
      0.11   0.462539   0.666898    0.54623
      0.12   0.429378   0.704359   0.533521
      0.13   0.396474   0.749223   0.518545
      0.14   0.363656   0.781533   0.496353
      0.15   0.325147   0.821676   0.465922
      0.16   0.293227   0.848732   0.435867
      0.17    0.26135   0.896703   0.404736
      0.18   0.236618   0.925032   0.376842
      0.19   0.210475   0.955906   0.344988
       0.2   0.197681   0.971326   0.328505
      0.21   0.165119   0.973333   0.282341
      0.22   0.141243   0.967914   0.246514
      0.23   0.126781   0.972393   0.224316
      0.24   0.107526   0.974453   0.193681
      0.25   0.103547   0.972112   0.187159
      0.26  0.0940482   0.975962   0.171564
      0.27  0.0891703   0.983957   0.163522
      0.28  0.0748363          1   0.139252
      0.29  0.0701724          1   0.131142
       0.3  0.0599461          1   0.113112
      0.31  0.0545548          1   0.103465
      0.32  0.0499337          1  0.0951178
      0.33  0.0382525          1  0.0736864
      0.34   0.033717          1  0.0652345
      0.35  0.0297805          1  0.0578385
      0.36  0.0277695          1  0.0540383
      0.37  0.0194686          1  0.0381936
      0.38  0.0161311          1    0.03175
      0.39  0.0157888          1  0.0310868
       0.4  0.0146763          1  0.0289281
      0.41  0.0138205          1  0.0272643
      0.42  0.0121946          1  0.0240954
      0.43 0.00868598          1  0.0172224
      0.44 0.00269565          1  0.0053768
      0.45          0          0          0
      0.46          0          0          0
      0.47          0          0          0
      0.48          0          0          0
      0.49          0          0          0
       0.5          0          0          0
      0.51          0          0          0
      0.52          0          0          0
      0.53          0          0          0
      0.54          0          0          0
      0.55          0          0          0
      0.56          0          0          0
      0.57          0          0          0
      0.58          0          0          0
      0.59          0          0          0
       0.6          0          0          0
      0.61          0          0          0
      0.62          0          0          0
      0.63          0          0          0
      0.64          0          0          0
      0.65          0          0          0
      0.66          0          0          0
      0.67          0          0          0
      0.68          0          0          0
      0.69          0          0          0
       0.7          0          0          0
      0.71          0          0          0
      0.72          0          0          0
      0.73          0          0          0
      0.74          0          0          0
      0.75          0          0          0
      0.76          0          0          0
      0.77          0          0          0
      0.78          0          0          0
      0.79          0          0          0
       0.8          0          0          0
      0.81          0          0          0
      0.82          0          0          0
      0.83          0          0          0
      0.84          0          0          0
      0.85          0          0          0
      0.86          0          0          0
      0.87          0          0          0
      0.88          0          0          0
      0.89          0          0          0
       0.9          0          0          0
      0.91          0          0          0
      0.92          0          0          0
      0.93          0          0          0
      0.94          0          0          0
      0.95          0          0          0
      0.96          0          0          0
      0.97          0          0          0
      0.98          0          0          0
      0.99          0          0          0
