         0          1   0.223995   0.366006
      0.01   0.951248   0.270877   0.421677
      0.02   0.951248   0.270786   0.421567
      0.03     0.9497   0.271101   0.421797
      0.04   0.946089   0.277507   0.429138
      0.05   0.940092   0.283983   0.436199
      0.06   0.919843   0.301579   0.454233
      0.07   0.908364   0.317872   0.470943
      0.08   0.863417   0.341444   0.489365
      0.09   0.842329   0.362519   0.506886
       0.1   0.799703   0.397859   0.531362
      0.11   0.749146   0.430625   0.546888
      0.12   0.720062   0.453382   0.556419
      0.13   0.667956   0.485513   0.562306
      0.14    0.62346   0.500948    0.55553
      0.15    0.56884   0.528719   0.548046
      0.16   0.535823   0.549694   0.542669
      0.17   0.475334   0.577085   0.521291
      0.18   0.443993   0.603027   0.511432
      0.19   0.402076   0.626528   0.489814
       0.2   0.368672    0.64245   0.468496
      0.21   0.315922   0.666062   0.428568
      0.22    0.26401    0.68267   0.380766
      0.23   0.241891   0.713877   0.361344
      0.24   0.201328   0.749518     0.3174
      0.25   0.173921   0.766355   0.283503
      0.26   0.148385   0.797015    0.25019
      0.27   0.123493   0.816547   0.214539
      0.28   0.105372   0.854545    0.18761
      0.29  0.0996324   0.863158   0.178644
       0.3  0.0900239   0.885906   0.163439
      0.31  0.0713871   0.938596   0.132683
      0.32  0.0663571   0.967033   0.124192
      0.33  0.0434642   0.969697  0.0831993
      0.34  0.0397885   0.963636  0.0764215
      0.35  0.0276649   0.947368    0.05376
      0.36  0.0157993   0.928571    0.03107
      0.37  0.0127684   0.941176   0.025195
      0.38 0.00883472   0.923077  0.0175019
      0.39 0.00412717   0.888889 0.00821619
       0.4 0.000322435          1 0.000644662
      0.41 0.000257948          1 0.000515763
      0.42 0.000257948          1 0.000515763
      0.43 0.000193461          1 0.000386847
      0.44          0          0          0
      0.45          0          0          0
      0.46          0          0          0
      0.47          0          0          0
      0.48          0          0          0
      0.49          0          0          0
       0.5          0          0          0
      0.51          0          0          0
      0.52          0          0          0
      0.53          0          0          0
      0.54          0          0          0
      0.55          0          0          0
      0.56          0          0          0
      0.57          0          0          0
      0.58          0          0          0
      0.59          0          0          0
       0.6          0          0          0
      0.61          0          0          0
      0.62          0          0          0
      0.63          0          0          0
      0.64          0          0          0
      0.65          0          0          0
      0.66          0          0          0
      0.67          0          0          0
      0.68          0          0          0
      0.69          0          0          0
       0.7          0          0          0
      0.71          0          0          0
      0.72          0          0          0
      0.73          0          0          0
      0.74          0          0          0
      0.75          0          0          0
      0.76          0          0          0
      0.77          0          0          0
      0.78          0          0          0
      0.79          0          0          0
       0.8          0          0          0
      0.81          0          0          0
      0.82          0          0          0
      0.83          0          0          0
      0.84          0          0          0
      0.85          0          0          0
      0.86          0          0          0
      0.87          0          0          0
      0.88          0          0          0
      0.89          0          0          0
       0.9          0          0          0
      0.91          0          0          0
      0.92          0          0          0
      0.93          0          0          0
      0.94          0          0          0
      0.95          0          0          0
      0.96          0          0          0
      0.97          0          0          0
      0.98          0          0          0
      0.99          0          0          0
