         0          1   0.193017   0.323578
      0.01   0.928645   0.257594   0.403315
      0.02   0.917541   0.258414   0.403256
      0.03   0.869607   0.264763   0.405934
      0.04   0.808264   0.301921   0.439624
      0.05   0.773011   0.325935   0.458533
      0.06   0.717068   0.380131   0.496865
      0.07   0.677507    0.42158   0.519746
      0.08   0.598871   0.496503   0.542904
      0.09   0.573266    0.56899    0.57112
       0.1   0.545295   0.680247   0.605341
      0.11   0.510103   0.763899   0.611721
      0.12   0.488441   0.811433   0.609809
      0.13    0.45604   0.869522   0.598293
      0.14   0.434561   0.906388   0.587466
      0.15   0.406286   0.937956   0.566979
      0.16   0.388629   0.953608   0.552212
      0.17   0.376737   0.969231   0.542576
      0.18   0.367453   0.973214   0.533482
      0.19   0.332929   0.983444   0.497453
       0.2   0.312238   0.996396   0.475477
      0.21   0.283903   0.997984   0.442052
      0.22   0.250228   0.997802   0.400115
      0.23   0.237425    0.99768   0.383569
      0.24   0.222681   0.997573   0.364089
      0.25   0.216734          1   0.356256
      0.26   0.204963          1   0.340198
      0.27   0.197743          1   0.330193
      0.28   0.185608          1   0.313101
      0.29   0.177841          1   0.301978
       0.3   0.172198          1   0.293804
      0.31   0.159881          1   0.275685
      0.32   0.144348          1    0.25228
      0.33   0.129786          1   0.229753
      0.34   0.123658          1   0.220098
      0.35   0.115042          1   0.206345
      0.36  0.0970208          1   0.176881
      0.37  0.0768764          1   0.142777
      0.38  0.0697166          1   0.130346
      0.39  0.0635884          1   0.119573
       0.4   0.061222          1    0.11538
      0.41  0.0487228          1  0.0929183
      0.42  0.0317942          1  0.0616289
      0.43  0.0205691          1  0.0403092
      0.44 0.00552151          1  0.0109824
      0.45 0.00455069          1 0.00906016
      0.46          0          0          0
      0.47          0          0          0
      0.48          0          0          0
      0.49          0          0          0
       0.5          0          0          0
      0.51          0          0          0
      0.52          0          0          0
      0.53          0          0          0
      0.54          0          0          0
      0.55          0          0          0
      0.56          0          0          0
      0.57          0          0          0
      0.58          0          0          0
      0.59          0          0          0
       0.6          0          0          0
      0.61          0          0          0
      0.62          0          0          0
      0.63          0          0          0
      0.64          0          0          0
      0.65          0          0          0
      0.66          0          0          0
      0.67          0          0          0
      0.68          0          0          0
      0.69          0          0          0
       0.7          0          0          0
      0.71          0          0          0
      0.72          0          0          0
      0.73          0          0          0
      0.74          0          0          0
      0.75          0          0          0
      0.76          0          0          0
      0.77          0          0          0
      0.78          0          0          0
      0.79          0          0          0
       0.8          0          0          0
      0.81          0          0          0
      0.82          0          0          0
      0.83          0          0          0
      0.84          0          0          0
      0.85          0          0          0
      0.86          0          0          0
      0.87          0          0          0
      0.88          0          0          0
      0.89          0          0          0
       0.9          0          0          0
      0.91          0          0          0
      0.92          0          0          0
      0.93          0          0          0
      0.94          0          0          0
      0.95          0          0          0
      0.96          0          0          0
      0.97          0          0          0
      0.98          0          0          0
      0.99          0          0          0
