         0          1   0.282356    0.44037
      0.01   0.895439   0.345432   0.498542
      0.02   0.895439   0.345496   0.498609
      0.03   0.895045   0.346972   0.500082
      0.04   0.890766    0.35247   0.505082
      0.05   0.878941   0.359221   0.510004
      0.06   0.859234    0.37174   0.518958
      0.07   0.842511   0.378648    0.52248
      0.08   0.807432   0.386481   0.522747
      0.09   0.774099   0.388585   0.517429
       0.1   0.722523   0.384492   0.501898
      0.11   0.659291   0.386386   0.487227
      0.12   0.611486   0.390341   0.476505
      0.13   0.555349    0.39659   0.462731
      0.14   0.511599   0.405937   0.452684
      0.15   0.460811   0.424342   0.441825
      0.16   0.428941   0.430306   0.429623
      0.17   0.382714   0.449048   0.413236
      0.18   0.362725   0.459129   0.405273
      0.19   0.314414   0.466005   0.375487
       0.2   0.293581   0.471822   0.361948
      0.21   0.266723   0.476711   0.342061
      0.22   0.251464   0.483498   0.330853
      0.23   0.240372   0.489375   0.322391
      0.24    0.21875   0.496484   0.303693
      0.25   0.207601   0.500387   0.293454
      0.26   0.191273   0.516187   0.279118
      0.27   0.181194   0.520645    0.26883
      0.28   0.164414   0.540189   0.252099
      0.29   0.155631   0.562005   0.243759
       0.3   0.141216   0.579114   0.227063
      0.31    0.12286   0.585271   0.203088
      0.32   0.112106   0.607223   0.189269
      0.33   0.101464   0.652174   0.175607
      0.34  0.0923986   0.676056   0.162577
      0.35  0.0720158   0.705069   0.130684
      0.36  0.0626689   0.735135   0.115492
      0.37  0.0515203   0.773973  0.0966096
      0.38  0.0411036   0.766129  0.0780213
      0.39  0.0387387   0.842105  0.0740701
       0.4  0.0336712   0.917808  0.0649592
      0.41  0.0306306   0.946429  0.0593407
      0.42  0.0192568          1  0.0377859
      0.43  0.0183559          1    0.03605
      0.44   0.011768          1  0.0232623
      0.45  0.0109234          1  0.0216108
      0.46 0.00675676          1  0.0134228
      0.47 0.00371622          1 0.00740491
      0.48          0          0          0
      0.49          0          0          0
       0.5          0          0          0
      0.51          0          0          0
      0.52          0          0          0
      0.53          0          0          0
      0.54          0          0          0
      0.55          0          0          0
      0.56          0          0          0
      0.57          0          0          0
      0.58          0          0          0
      0.59          0          0          0
       0.6          0          0          0
      0.61          0          0          0
      0.62          0          0          0
      0.63          0          0          0
      0.64          0          0          0
      0.65          0          0          0
      0.66          0          0          0
      0.67          0          0          0
      0.68          0          0          0
      0.69          0          0          0
       0.7          0          0          0
      0.71          0          0          0
      0.72          0          0          0
      0.73          0          0          0
      0.74          0          0          0
      0.75          0          0          0
      0.76          0          0          0
      0.77          0          0          0
      0.78          0          0          0
      0.79          0          0          0
       0.8          0          0          0
      0.81          0          0          0
      0.82          0          0          0
      0.83          0          0          0
      0.84          0          0          0
      0.85          0          0          0
      0.86          0          0          0
      0.87          0          0          0
      0.88          0          0          0
      0.89          0          0          0
       0.9          0          0          0
      0.91          0          0          0
      0.92          0          0          0
      0.93          0          0          0
      0.94          0          0          0
      0.95          0          0          0
      0.96          0          0          0
      0.97          0          0          0
      0.98          0          0          0
      0.99          0          0          0
