         0          1   0.150167   0.261123
      0.01    0.86735   0.162343   0.273495
      0.02    0.86716   0.162363   0.273515
      0.03   0.864598    0.16281   0.274019
      0.04   0.841351   0.165263   0.276262
      0.05   0.825126   0.168351   0.279646
      0.06   0.781668   0.172998   0.283298
      0.07   0.740203   0.174441   0.282343
      0.08   0.641712   0.172965   0.272485
      0.09   0.587058   0.169983   0.263632
       0.1   0.528039   0.169098   0.256163
      0.11   0.440744   0.165066   0.240181
      0.12   0.397571   0.163817   0.232028
      0.13    0.35677   0.163718   0.224442
      0.14   0.328874   0.156759   0.212317
      0.15   0.272322   0.147025   0.190955
      0.16   0.244805   0.141199   0.179097
      0.17   0.217383   0.138948   0.169533
      0.18   0.185217   0.133487   0.155154
      0.19   0.164816    0.12987   0.145271
       0.2   0.160926   0.132216   0.145165
      0.21   0.148401   0.133018   0.140289
      0.22   0.128191   0.129356   0.128771
      0.23   0.127052   0.128707   0.127874
      0.24   0.115286   0.122945   0.118992
      0.25   0.108644   0.117647   0.112966
      0.26  0.0948857   0.114565   0.103801
      0.27   0.087105   0.117534   0.100057
      0.28  0.0816966   0.115084  0.0955578
      0.29  0.0737262   0.119605   0.091222
       0.3  0.0617706   0.110632  0.0792773
      0.31   0.056457   0.118846  0.0765495
      0.32  0.0505741   0.125241  0.0720523
      0.33  0.0450707      0.125  0.0662529
      0.34  0.0442167   0.134831  0.0665944
      0.35  0.0370054   0.135135  0.0581006
      0.36  0.0285606   0.143564  0.0476431
      0.37  0.0269475   0.164474  0.0463079
      0.38  0.0152766   0.153846  0.0277934
      0.39  0.0151817   0.191919  0.0281376
       0.4  0.0140431   0.227848  0.0264556
      0.41  0.0131891     0.3125    0.02531
      0.42  0.0120505   0.371429  0.0233436
      0.43  0.0120505   0.416667  0.0234235
      0.44  0.0114812   0.384615  0.0222967
      0.45   0.010817   0.363636   0.021009
      0.46 0.00436474       0.25 0.00857969
      0.47          0          0          0
      0.48          0          0          0
      0.49          0          0          0
       0.5          0          0          0
      0.51          0          0          0
      0.52          0          0          0
      0.53          0          0          0
      0.54          0          0          0
      0.55          0          0          0
      0.56          0          0          0
      0.57          0          0          0
      0.58          0          0          0
      0.59          0          0          0
       0.6          0          0          0
      0.61          0          0          0
      0.62          0          0          0
      0.63          0          0          0
      0.64          0          0          0
      0.65          0          0          0
      0.66          0          0          0
      0.67          0          0          0
      0.68          0          0          0
      0.69          0          0          0
       0.7          0          0          0
      0.71          0          0          0
      0.72          0          0          0
      0.73          0          0          0
      0.74          0          0          0
      0.75          0          0          0
      0.76          0          0          0
      0.77          0          0          0
      0.78          0          0          0
      0.79          0          0          0
       0.8          0          0          0
      0.81          0          0          0
      0.82          0          0          0
      0.83          0          0          0
      0.84          0          0          0
      0.85          0          0          0
      0.86          0          0          0
      0.87          0          0          0
      0.88          0          0          0
      0.89          0          0          0
       0.9          0          0          0
      0.91          0          0          0
      0.92          0          0          0
      0.93          0          0          0
      0.94          0          0          0
      0.95          0          0          0
      0.96          0          0          0
      0.97          0          0          0
      0.98          0          0          0
      0.99          0          0          0
