         0          1   0.230724    0.37494
      0.01   0.822559   0.203225   0.325926
      0.02   0.822559    0.20318   0.325868
      0.03   0.819766   0.202635   0.324947
      0.04   0.807159   0.204625   0.326483
      0.05   0.791166   0.207359   0.328596
      0.06   0.763412   0.218693    0.33999
      0.07   0.734134   0.225195   0.344664
      0.08   0.692164   0.234691   0.350529
      0.09   0.662633   0.238584   0.350845
       0.1   0.583347   0.245468   0.345537
      0.11   0.525977   0.251156   0.339973
      0.12   0.496785   0.254175   0.336291
      0.13   0.454645   0.257724   0.328967
      0.14   0.411406   0.257605   0.316827
      0.15   0.364952   0.258336   0.302526
      0.16   0.327551   0.260423   0.290155
      0.17   0.301066   0.265803   0.282338
      0.18   0.284058   0.268972    0.27631
      0.19   0.266289   0.274122   0.270149
       0.2   0.259942   0.277559   0.268462
      0.21   0.235488   0.271981   0.252423
      0.22   0.208242   0.272261   0.235987
      0.23   0.191149   0.273114   0.224896
      0.24   0.156795   0.271493   0.198785
      0.25   0.140379   0.272727   0.185353
      0.26   0.113471   0.268051   0.159446
      0.27   0.101371   0.271592   0.147637
      0.28  0.0929937   0.287025   0.140475
      0.29  0.0835167   0.296687   0.130342
       0.3  0.0711626   0.312849    0.11595
      0.31  0.0497546    0.33995  0.0868046
      0.32  0.0473007   0.361702  0.0836609
      0.33  0.0398545   0.380165  0.0721456
      0.34  0.0342698    0.37037  0.0627348
      0.35  0.0276697   0.381679  0.0515987
      0.36  0.0245388   0.408163  0.0462944
      0.37  0.0229311   0.444444  0.0436121
      0.38  0.0220003        0.5  0.0421462
      0.39  0.0121002        0.5  0.0236286
       0.4  0.0104079   0.483871  0.0203774
      0.41   0.010154   0.518519   0.019918
      0.42 0.00888475   0.526316  0.0174745
      0.43 0.00888475   0.571429  0.0174974
      0.44 0.00854629        0.5  0.0168053
      0.45 0.00778474   0.444444  0.0153015
      0.46  0.0055847   0.333333  0.0109854
      0.47 0.00287697        0.2 0.00567234
      0.48          0          0          0
      0.49          0          0          0
       0.5          0          0          0
      0.51          0          0          0
      0.52          0          0          0
      0.53          0          0          0
      0.54          0          0          0
      0.55          0          0          0
      0.56          0          0          0
      0.57          0          0          0
      0.58          0          0          0
      0.59          0          0          0
       0.6          0          0          0
      0.61          0          0          0
      0.62          0          0          0
      0.63          0          0          0
      0.64          0          0          0
      0.65          0          0          0
      0.66          0          0          0
      0.67          0          0          0
      0.68          0          0          0
      0.69          0          0          0
       0.7          0          0          0
      0.71          0          0          0
      0.72          0          0          0
      0.73          0          0          0
      0.74          0          0          0
      0.75          0          0          0
      0.76          0          0          0
      0.77          0          0          0
      0.78          0          0          0
      0.79          0          0          0
       0.8          0          0          0
      0.81          0          0          0
      0.82          0          0          0
      0.83          0          0          0
      0.84          0          0          0
      0.85          0          0          0
      0.86          0          0          0
      0.87          0          0          0
      0.88          0          0          0
      0.89          0          0          0
       0.9          0          0          0
      0.91          0          0          0
      0.92          0          0          0
      0.93          0          0          0
      0.94          0          0          0
      0.95          0          0          0
      0.96          0          0          0
      0.97          0          0          0
      0.98          0          0          0
      0.99          0          0          0
