         0          1   0.253826   0.404882
      0.01   0.934668   0.327958   0.485546
      0.02   0.932644   0.330166   0.487686
      0.03   0.928431   0.336908   0.494406
      0.04   0.904793   0.357292   0.512288
      0.05   0.870158    0.37229   0.521472
      0.06   0.809696   0.399302   0.534845
      0.07   0.758919   0.412481   0.534471
      0.08   0.701466    0.43857   0.539706
      0.09   0.660703   0.455944    0.53955
       0.1   0.594331   0.480839   0.531595
      0.11    0.54246   0.502396    0.52166
      0.12   0.508317   0.514849   0.511562
      0.13   0.438663   0.533733    0.48155
      0.14   0.399103   0.545295   0.460883
      0.15   0.345809   0.559912   0.427554
      0.16   0.316371   0.563953   0.405347
      0.17    0.27796   0.583059   0.376454
      0.18   0.260341   0.584958   0.360319
      0.19     0.2297   0.594937   0.331436
       0.2   0.201795   0.593664   0.301205
      0.21   0.164752   0.593695   0.257928
      0.22   0.141661   0.595699   0.228891
      0.23   0.119118   0.595801   0.198542
      0.24  0.0854126    0.57554    0.14875
      0.25  0.0656052   0.553571   0.117308
      0.26  0.0483694   0.527273  0.0886102
      0.27  0.0444299   0.541353    0.08212
      0.28  0.0288356   0.547619  0.0547864
      0.29  0.0278507    0.57971  0.0531481
       0.3  0.0202451   0.543478  0.0390361
      0.31  0.0149923   0.540541  0.0291755
      0.32  0.0108886        0.5  0.0213131
      0.33 0.00919238   0.529412   0.018071
      0.34  0.0082622   0.461538  0.0162338
      0.35 0.00656599        0.5  0.0129618
      0.36          0          0          0
      0.37          0          0          0
      0.38          0          0          0
      0.39          0          0          0
       0.4          0          0          0
      0.41          0          0          0
      0.42          0          0          0
      0.43          0          0          0
      0.44          0          0          0
      0.45          0          0          0
      0.46          0          0          0
      0.47          0          0          0
      0.48          0          0          0
      0.49          0          0          0
       0.5          0          0          0
      0.51          0          0          0
      0.52          0          0          0
      0.53          0          0          0
      0.54          0          0          0
      0.55          0          0          0
      0.56          0          0          0
      0.57          0          0          0
      0.58          0          0          0
      0.59          0          0          0
       0.6          0          0          0
      0.61          0          0          0
      0.62          0          0          0
      0.63          0          0          0
      0.64          0          0          0
      0.65          0          0          0
      0.66          0          0          0
      0.67          0          0          0
      0.68          0          0          0
      0.69          0          0          0
       0.7          0          0          0
      0.71          0          0          0
      0.72          0          0          0
      0.73          0          0          0
      0.74          0          0          0
      0.75          0          0          0
      0.76          0          0          0
      0.77          0          0          0
      0.78          0          0          0
      0.79          0          0          0
       0.8          0          0          0
      0.81          0          0          0
      0.82          0          0          0
      0.83          0          0          0
      0.84          0          0          0
      0.85          0          0          0
      0.86          0          0          0
      0.87          0          0          0
      0.88          0          0          0
      0.89          0          0          0
       0.9          0          0          0
      0.91          0          0          0
      0.92          0          0          0
      0.93          0          0          0
      0.94          0          0          0
      0.95          0          0          0
      0.96          0          0          0
      0.97          0          0          0
      0.98          0          0          0
      0.99          0          0          0
