         0          1   0.418411   0.589971
      0.01   0.973796   0.555362   0.707329
      0.02   0.973796   0.555362   0.707329
      0.03   0.973796   0.555402   0.707362
      0.04   0.973543   0.555928   0.707722
      0.05    0.97253   0.556409   0.707843
      0.06   0.969334   0.557159     0.7076
      0.07   0.967055   0.558979   0.708455
      0.08   0.959175   0.572128   0.716737
      0.09   0.949427   0.605115   0.739141
       0.1   0.926103   0.659705   0.770528
      0.11   0.889044   0.708695   0.788691
      0.12   0.851415   0.736815    0.78998
      0.13   0.796823   0.764109   0.780123
      0.14   0.764953   0.780684   0.772738
      0.15   0.717292   0.806112   0.759113
      0.16   0.686594   0.822836   0.748566
      0.17   0.636876   0.852011     0.7289
      0.18   0.613488   0.867457   0.718696
      0.19   0.568042   0.897271   0.695671
       0.2   0.543864   0.909642   0.680728
      0.21   0.520761   0.917726    0.66447
      0.22   0.506931   0.929212   0.655988
      0.23   0.492784   0.932241   0.644752
      0.24   0.470378   0.941632   0.627365
      0.25   0.459301   0.947986   0.618795
      0.26   0.438097   0.957649   0.601174
      0.27   0.424077   0.965197   0.589255
      0.28   0.411798   0.975548   0.579133
      0.29   0.400532   0.975788   0.567941
       0.3   0.376859   0.976828   0.543887
      0.31   0.361605   0.976393   0.527757
      0.32   0.354105   0.975806    0.51964
      0.33   0.336161   0.975893   0.500066
      0.34    0.32809   0.976061   0.491103
      0.35   0.310811    0.97555   0.471425
      0.36   0.300937   0.975546   0.459979
      0.37   0.276505   0.974541   0.430784
      0.38   0.259447    0.97278    0.40964
      0.39   0.228685   0.971863   0.370249
       0.4   0.206849   0.972222   0.341121
      0.41   0.175644   0.967232     0.2973
      0.42   0.135452   0.963964   0.237527
      0.43   0.109944   0.961995   0.197335
      0.44  0.0782012   0.963563   0.144662
      0.45  0.0651307   0.958333   0.121972
      0.46  0.0419647   0.953846  0.0803925
      0.47  0.0309197   0.967742  0.0599247
      0.48  0.0180708          1     0.0355
      0.49  0.0152858          1  0.0301113
       0.5 0.00832331          1  0.0165092
      0.51 0.000696247          1 0.00139152
      0.52 0.000632951          1  0.0012651
      0.53 0.000538009          1 0.00107544
      0.54 0.000474714          1 0.000948977
      0.55 0.000316476          1 0.000632751
      0.56          0          0          0
      0.57          0          0          0
      0.58          0          0          0
      0.59          0          0          0
       0.6          0          0          0
      0.61          0          0          0
      0.62          0          0          0
      0.63          0          0          0
      0.64          0          0          0
      0.65          0          0          0
      0.66          0          0          0
      0.67          0          0          0
      0.68          0          0          0
      0.69          0          0          0
       0.7          0          0          0
      0.71          0          0          0
      0.72          0          0          0
      0.73          0          0          0
      0.74          0          0          0
      0.75          0          0          0
      0.76          0          0          0
      0.77          0          0          0
      0.78          0          0          0
      0.79          0          0          0
       0.8          0          0          0
      0.81          0          0          0
      0.82          0          0          0
      0.83          0          0          0
      0.84          0          0          0
      0.85          0          0          0
      0.86          0          0          0
      0.87          0          0          0
      0.88          0          0          0
      0.89          0          0          0
       0.9          0          0          0
      0.91          0          0          0
      0.92          0          0          0
      0.93          0          0          0
      0.94          0          0          0
      0.95          0          0          0
      0.96          0          0          0
      0.97          0          0          0
      0.98          0          0          0
      0.99          0          0          0
