         0          1   0.223412   0.365227
      0.01   0.963836   0.300399    0.45804
      0.02   0.963836   0.300412   0.458055
      0.03   0.963625   0.301041   0.458763
      0.04   0.962218   0.307065    0.46556
      0.05   0.960177   0.313019   0.472125
      0.06   0.952649   0.325996   0.485764
      0.07   0.942377   0.336752   0.496193
      0.08   0.924506   0.359178   0.517358
      0.09   0.905509    0.37271   0.528066
       0.1   0.865616   0.389444     0.5372
      0.11   0.808907   0.401295   0.536457
      0.12   0.771688   0.408986   0.534626
      0.13   0.687188    0.41625   0.518456
      0.14   0.644973    0.42476   0.512201
      0.15   0.546049   0.430496   0.481436
      0.16   0.494055   0.437152   0.463865
      0.17   0.430029   0.462549   0.445696
      0.18   0.372476   0.475269    0.41764
      0.19    0.32414   0.503425   0.394362
       0.2   0.285232   0.513831   0.366832
      0.21   0.240414   0.538246    0.33237
      0.22   0.204742   0.554187   0.299015
      0.23   0.175614   0.554054   0.266696
      0.24    0.13157   0.548454   0.212228
      0.25   0.121438   0.558673   0.199509
      0.26   0.098431   0.545455   0.166768
      0.27  0.0777457   0.525641   0.135457
      0.28  0.0658552   0.533742   0.117244
      0.29  0.0500246   0.481203  0.0906278
       0.3  0.0286358   0.454545  0.0538773
      0.31  0.0202631   0.471698  0.0388571
      0.32  0.0146345   0.432432  0.0283109
      0.33 0.00837262        0.5  0.0164694
      0.34 0.00731724      0.625  0.0144651
      0.35 0.00189967        0.5 0.00378496
      0.36 0.00119609          1 0.00238932
      0.37          0          0          0
      0.38          0          0          0
      0.39          0          0          0
       0.4          0          0          0
      0.41          0          0          0
      0.42          0          0          0
      0.43          0          0          0
      0.44          0          0          0
      0.45          0          0          0
      0.46          0          0          0
      0.47          0          0          0
      0.48          0          0          0
      0.49          0          0          0
       0.5          0          0          0
      0.51          0          0          0
      0.52          0          0          0
      0.53          0          0          0
      0.54          0          0          0
      0.55          0          0          0
      0.56          0          0          0
      0.57          0          0          0
      0.58          0          0          0
      0.59          0          0          0
       0.6          0          0          0
      0.61          0          0          0
      0.62          0          0          0
      0.63          0          0          0
      0.64          0          0          0
      0.65          0          0          0
      0.66          0          0          0
      0.67          0          0          0
      0.68          0          0          0
      0.69          0          0          0
       0.7          0          0          0
      0.71          0          0          0
      0.72          0          0          0
      0.73          0          0          0
      0.74          0          0          0
      0.75          0          0          0
      0.76          0          0          0
      0.77          0          0          0
      0.78          0          0          0
      0.79          0          0          0
       0.8          0          0          0
      0.81          0          0          0
      0.82          0          0          0
      0.83          0          0          0
      0.84          0          0          0
      0.85          0          0          0
      0.86          0          0          0
      0.87          0          0          0
      0.88          0          0          0
      0.89          0          0          0
       0.9          0          0          0
      0.91          0          0          0
      0.92          0          0          0
      0.93          0          0          0
      0.94          0          0          0
      0.95          0          0          0
      0.96          0          0          0
      0.97          0          0          0
      0.98          0          0          0
      0.99          0          0          0
