         0          1   0.176689   0.300316
      0.01   0.895784   0.164345   0.277736
      0.02   0.894469   0.163972    0.27714
      0.03   0.875976   0.161631   0.272907
      0.04   0.840388   0.163276   0.273428
      0.05   0.793129   0.166543   0.275282
      0.06   0.737898   0.180625   0.290211
      0.07   0.692858   0.190699   0.299081
      0.08     0.6359    0.21287   0.318965
      0.09   0.580012   0.232405   0.331844
       0.1   0.527739   0.270233   0.357438
      0.11   0.487137   0.315514   0.382977
      0.12    0.43018   0.352716   0.387615
      0.13   0.403304   0.404772   0.404037
      0.14   0.371908     0.4421   0.403977
      0.15    0.31758   0.494237   0.386688
      0.16   0.293663   0.549133   0.382679
      0.17   0.259472   0.619934   0.365828
      0.18   0.235062   0.664915   0.347334
      0.19   0.209337   0.730051   0.325375
       0.2   0.198899   0.759443   0.315237
      0.21   0.176379   0.806202   0.289435
      0.22   0.138161   0.844444   0.237469
      0.23   0.110627   0.864078   0.196142
      0.24  0.0805457   0.881944   0.147611
      0.25  0.0691214   0.900826   0.128391
      0.26  0.0539985   0.921348   0.102018
      0.27   0.048985     0.9125  0.0929786
      0.28   0.043807   0.954545  0.0837696
      0.29  0.0389578       0.94   0.074815
       0.3  0.0272869          1  0.0531242
      0.31  0.0175886          1  0.0345691
      0.32  0.0138078          1  0.0272396
      0.33  0.0115065          1  0.0227513
      0.34  0.0109312          1   0.021626
      0.35 0.00715049          1  0.0141994
      0.36 0.00599984          1  0.0119281
      0.37          0          0          0
      0.38          0          0          0
      0.39          0          0          0
       0.4          0          0          0
      0.41          0          0          0
      0.42          0          0          0
      0.43          0          0          0
      0.44          0          0          0
      0.45          0          0          0
      0.46          0          0          0
      0.47          0          0          0
      0.48          0          0          0
      0.49          0          0          0
       0.5          0          0          0
      0.51          0          0          0
      0.52          0          0          0
      0.53          0          0          0
      0.54          0          0          0
      0.55          0          0          0
      0.56          0          0          0
      0.57          0          0          0
      0.58          0          0          0
      0.59          0          0          0
       0.6          0          0          0
      0.61          0          0          0
      0.62          0          0          0
      0.63          0          0          0
      0.64          0          0          0
      0.65          0          0          0
      0.66          0          0          0
      0.67          0          0          0
      0.68          0          0          0
      0.69          0          0          0
       0.7          0          0          0
      0.71          0          0          0
      0.72          0          0          0
      0.73          0          0          0
      0.74          0          0          0
      0.75          0          0          0
      0.76          0          0          0
      0.77          0          0          0
      0.78          0          0          0
      0.79          0          0          0
       0.8          0          0          0
      0.81          0          0          0
      0.82          0          0          0
      0.83          0          0          0
      0.84          0          0          0
      0.85          0          0          0
      0.86          0          0          0
      0.87          0          0          0
      0.88          0          0          0
      0.89          0          0          0
       0.9          0          0          0
      0.91          0          0          0
      0.92          0          0          0
      0.93          0          0          0
      0.94          0          0          0
      0.95          0          0          0
      0.96          0          0          0
      0.97          0          0          0
      0.98          0          0          0
      0.99          0          0          0
