         0          1   0.263807   0.417479
      0.01   0.966686   0.450378   0.614474
      0.02   0.966383   0.460616   0.623871
      0.03   0.964193   0.475109   0.636554
      0.04   0.944551    0.49266   0.647563
      0.05   0.923928   0.510845   0.657922
      0.06   0.894127   0.541097   0.674193
      0.07   0.867195   0.555437   0.677157
      0.08   0.815486   0.580967   0.678534
      0.09   0.770312   0.599773   0.674428
       0.1   0.702361     0.6238   0.660754
      0.11    0.64102   0.649966   0.645462
      0.12   0.609821   0.664547   0.636009
      0.13   0.570689   0.692945   0.625903
      0.14   0.530312   0.704684   0.605188
      0.15   0.404042     0.7036   0.513313
      0.16   0.291369   0.709819   0.413148
      0.17   0.230822   0.733376   0.351129
      0.18   0.217828   0.756148   0.338222
      0.19   0.207743   0.793338   0.329265
       0.2   0.199849   0.813152   0.320844
      0.21   0.192219   0.827468   0.311969
      0.22   0.180737   0.833636   0.297067
      0.23   0.176128   0.837863    0.29107
      0.24   0.172351   0.840864   0.286068
      0.25   0.169292   0.849134   0.282301
      0.26   0.164306   0.862528    0.27603
      0.27   0.158791   0.869773   0.268554
      0.28   0.151766   0.889619   0.259297
      0.29   0.147951   0.896403   0.253982
       0.3   0.143418     0.9072   0.247681
      0.31   0.129745   0.915619   0.227284
      0.32   0.120415   0.931102   0.213252
      0.33   0.109613   0.934272   0.196206
      0.34   0.104854   0.932249   0.188505
      0.35   0.091898   0.941781   0.167456
      0.36  0.0682531   0.957627   0.127424
      0.37  0.0518602   0.964072  0.0984259
      0.38  0.0433239   0.969466  0.0829413
      0.39  0.0378848   0.958333  0.0728882
       0.4  0.0308971     0.9375  0.0598226
      0.41  0.0117092     0.9375  0.0231294
      0.42 0.00762984          1  0.0151441
      0.43 0.00600567          1  0.0119396
      0.44          0          0          0
      0.45          0          0          0
      0.46          0          0          0
      0.47          0          0          0
      0.48          0          0          0
      0.49          0          0          0
       0.5          0          0          0
      0.51          0          0          0
      0.52          0          0          0
      0.53          0          0          0
      0.54          0          0          0
      0.55          0          0          0
      0.56          0          0          0
      0.57          0          0          0
      0.58          0          0          0
      0.59          0          0          0
       0.6          0          0          0
      0.61          0          0          0
      0.62          0          0          0
      0.63          0          0          0
      0.64          0          0          0
      0.65          0          0          0
      0.66          0          0          0
      0.67          0          0          0
      0.68          0          0          0
      0.69          0          0          0
       0.7          0          0          0
      0.71          0          0          0
      0.72          0          0          0
      0.73          0          0          0
      0.74          0          0          0
      0.75          0          0          0
      0.76          0          0          0
      0.77          0          0          0
      0.78          0          0          0
      0.79          0          0          0
       0.8          0          0          0
      0.81          0          0          0
      0.82          0          0          0
      0.83          0          0          0
      0.84          0          0          0
      0.85          0          0          0
      0.86          0          0          0
      0.87          0          0          0
      0.88          0          0          0
      0.89          0          0          0
       0.9          0          0          0
      0.91          0          0          0
      0.92          0          0          0
      0.93          0          0          0
      0.94          0          0          0
      0.95          0          0          0
      0.96          0          0          0
      0.97          0          0          0
      0.98          0          0          0
      0.99          0          0          0
