         0          1   0.181029   0.306561
      0.01   0.785006   0.194347    0.31156
      0.02   0.785006   0.194219   0.311395
      0.03   0.782098   0.194268   0.311228
      0.04    0.77165   0.196324   0.313011
      0.05   0.760664   0.198394   0.314707
      0.06   0.730504   0.202795    0.31746
      0.07   0.699591   0.206404   0.318762
      0.08   0.669108   0.216376   0.327005
      0.09   0.633779   0.223073   0.329996
       0.1   0.598234   0.237109   0.339613
      0.11    0.56829   0.251956   0.349125
      0.12   0.557626   0.265861   0.360057
      0.13   0.537807   0.285123   0.372671
      0.14   0.518203   0.297601   0.378076
      0.15   0.495476   0.321708   0.390117
      0.16    0.47695   0.341679   0.398138
      0.17   0.462085   0.367235   0.409236
      0.18   0.451853   0.382403   0.414237
      0.19   0.435265   0.406891     0.4206
       0.2   0.417923   0.423237   0.420563
      0.21   0.396704   0.452643   0.422831
      0.22   0.373223    0.48499   0.421829
      0.23   0.360944   0.492979   0.416753
      0.24    0.33757   0.506427   0.405107
      0.25   0.320228   0.507163   0.392578
      0.26    0.30181   0.525172   0.383326
      0.27   0.275205   0.518758   0.359626
      0.28    0.24623   0.523006   0.334825
      0.29   0.229104   0.528716   0.319683
       0.3   0.197652    0.54321   0.289842
      0.31   0.175679   0.557457   0.267163
      0.32   0.161137   0.567493   0.251003
      0.33   0.134856   0.561644    0.21749
      0.34   0.123977   0.566929    0.20346
      0.35   0.104696   0.596939   0.178147
      0.36  0.0925248   0.607843   0.160603
      0.37  0.0774451   0.640351   0.138179
      0.38  0.0622576   0.634146   0.113384
      0.39  0.0468548   0.678571   0.087657
       0.4  0.0439466   0.666667  0.0824576
      0.41  0.0266049   0.772727  0.0514388
      0.42 0.00926325        0.8  0.0183144
      0.43 0.00850926          1  0.0168749
      0.44 0.00247738          1 0.00494252
      0.45 0.00247738          1 0.00494252
      0.46          0          0          0
      0.47          0          0          0
      0.48          0          0          0
      0.49          0          0          0
       0.5          0          0          0
      0.51          0          0          0
      0.52          0          0          0
      0.53          0          0          0
      0.54          0          0          0
      0.55          0          0          0
      0.56          0          0          0
      0.57          0          0          0
      0.58          0          0          0
      0.59          0          0          0
       0.6          0          0          0
      0.61          0          0          0
      0.62          0          0          0
      0.63          0          0          0
      0.64          0          0          0
      0.65          0          0          0
      0.66          0          0          0
      0.67          0          0          0
      0.68          0          0          0
      0.69          0          0          0
       0.7          0          0          0
      0.71          0          0          0
      0.72          0          0          0
      0.73          0          0          0
      0.74          0          0          0
      0.75          0          0          0
      0.76          0          0          0
      0.77          0          0          0
      0.78          0          0          0
      0.79          0          0          0
       0.8          0          0          0
      0.81          0          0          0
      0.82          0          0          0
      0.83          0          0          0
      0.84          0          0          0
      0.85          0          0          0
      0.86          0          0          0
      0.87          0          0          0
      0.88          0          0          0
      0.89          0          0          0
       0.9          0          0          0
      0.91          0          0          0
      0.92          0          0          0
      0.93          0          0          0
      0.94          0          0          0
      0.95          0          0          0
      0.96          0          0          0
      0.97          0          0          0
      0.98          0          0          0
      0.99          0          0          0
