         0          1   0.235879   0.381719
      0.01   0.953932   0.368627   0.531765
      0.02   0.941426   0.385716   0.547226
      0.03   0.916555   0.415338   0.571638
      0.04   0.840882   0.473332    0.60571
      0.05   0.783156   0.513336   0.620169
      0.06   0.710591   0.577524   0.637184
      0.07   0.659154   0.622386   0.640242
      0.08   0.611531   0.702941   0.654058
      0.09   0.586801   0.756405   0.660895
       0.1   0.547375   0.836216   0.661646
      0.11   0.503992   0.882236    0.64151
      0.12   0.466756   0.899471   0.614588
      0.13   0.417509   0.924074   0.575155
      0.14   0.360277   0.935518   0.520214
      0.15   0.308768   0.945409   0.465504
      0.16   0.276478   0.951524   0.428461
      0.17   0.244542   0.960461    0.38983
      0.18   0.204126   0.969259   0.337232
      0.19   0.178761   0.991507   0.302909
       0.2   0.168939          1   0.289047
      0.21   0.143221          1   0.250556
      0.22    0.13135          1   0.232201
      0.23   0.125698          1   0.223324
      0.24  0.0998375          1    0.18155
      0.25  0.0775101          1   0.143869
      0.26   0.075885          1   0.141065
      0.27  0.0736946          1   0.137273
      0.28  0.0683247          1    0.12791
      0.29  0.0665583          1    0.12481
       0.3  0.0642267          1   0.120701
      0.31  0.0569491          1   0.107761
      0.32  0.0465626          1  0.0889819
      0.33  0.0421819          1  0.0809492
      0.34  0.0387904          1  0.0746837
      0.35  0.0326433          1  0.0632227
      0.36  0.0303116          1  0.0588397
      0.37  0.0218328          1  0.0427327
      0.38  0.0143432          1  0.0282809
      0.39  0.0137073          1   0.027044
       0.4  0.0137073          1   0.027044
      0.41  0.0117996          1   0.023324
      0.42  0.0112344          1  0.0222191
      0.43  0.0112344          1  0.0222191
      0.44 0.00586448          1  0.0116606
      0.45 0.00579382          1  0.0115209
      0.46 0.00289691          1 0.00577709
      0.47          0          0          0
      0.48          0          0          0
      0.49          0          0          0
       0.5          0          0          0
      0.51          0          0          0
      0.52          0          0          0
      0.53          0          0          0
      0.54          0          0          0
      0.55          0          0          0
      0.56          0          0          0
      0.57          0          0          0
      0.58          0          0          0
      0.59          0          0          0
       0.6          0          0          0
      0.61          0          0          0
      0.62          0          0          0
      0.63          0          0          0
      0.64          0          0          0
      0.65          0          0          0
      0.66          0          0          0
      0.67          0          0          0
      0.68          0          0          0
      0.69          0          0          0
       0.7          0          0          0
      0.71          0          0          0
      0.72          0          0          0
      0.73          0          0          0
      0.74          0          0          0
      0.75          0          0          0
      0.76          0          0          0
      0.77          0          0          0
      0.78          0          0          0
      0.79          0          0          0
       0.8          0          0          0
      0.81          0          0          0
      0.82          0          0          0
      0.83          0          0          0
      0.84          0          0          0
      0.85          0          0          0
      0.86          0          0          0
      0.87          0          0          0
      0.88          0          0          0
      0.89          0          0          0
       0.9          0          0          0
      0.91          0          0          0
      0.92          0          0          0
      0.93          0          0          0
      0.94          0          0          0
      0.95          0          0          0
      0.96          0          0          0
      0.97          0          0          0
      0.98          0          0          0
      0.99          0          0          0
