         0          1   0.265439    0.41952
      0.01   0.894764   0.332601    0.48494
      0.02   0.894684   0.332757   0.485095
      0.03   0.893806   0.334518   0.486833
      0.04   0.887935   0.343994   0.495879
      0.05   0.880586   0.354655   0.505658
      0.06     0.8589   0.375651   0.522695
      0.07   0.841567   0.394834   0.537494
      0.08   0.822038   0.432445   0.566745
      0.09   0.807181   0.454411   0.581475
       0.1   0.773753   0.486222    0.59718
      0.11   0.727705   0.508876   0.598928
      0.12   0.704501   0.526592   0.602691
      0.13   0.669516   0.554324   0.606499
      0.14   0.635049   0.566659   0.598908
      0.15   0.578897   0.586029   0.582441
      0.16   0.552458   0.596695   0.573725
      0.17   0.498502   0.602052   0.545406
      0.18   0.466792   0.610856   0.529194
      0.19   0.398219   0.608449   0.481382
       0.2   0.357962   0.607831   0.450573
      0.21   0.313711   0.615269   0.415545
      0.22   0.261193   0.618129   0.367217
      0.23   0.229402   0.628866   0.336173
      0.24   0.191781   0.632117   0.294279
      0.25   0.163026   0.627866   0.258843
      0.26    0.12169   0.638202   0.204405
      0.27   0.102161   0.639257   0.176168
      0.28    0.08331   0.678201   0.148392
      0.29  0.0740445   0.702811   0.133974
       0.3  0.0547546      0.705   0.101617
      0.31  0.0500419   0.716981  0.0935542
      0.32  0.0491234   0.717241  0.0919492
      0.33  0.0440912   0.726496  0.0831368
      0.34  0.0425336   0.726316  0.0803613
      0.35  0.0301929   0.738462  0.0580138
      0.36   0.028196   0.732143  0.0543008
      0.37  0.0205679   0.648649  0.0398715
      0.38  0.0105036   0.652174  0.0206743
      0.39 0.00599065   0.583333  0.0118595
       0.4 0.00599065   0.583333  0.0118595
      0.41 0.00447302       0.75 0.00889301
      0.42          0          0          0
      0.43          0          0          0
      0.44          0          0          0
      0.45          0          0          0
      0.46          0          0          0
      0.47          0          0          0
      0.48          0          0          0
      0.49          0          0          0
       0.5          0          0          0
      0.51          0          0          0
      0.52          0          0          0
      0.53          0          0          0
      0.54          0          0          0
      0.55          0          0          0
      0.56          0          0          0
      0.57          0          0          0
      0.58          0          0          0
      0.59          0          0          0
       0.6          0          0          0
      0.61          0          0          0
      0.62          0          0          0
      0.63          0          0          0
      0.64          0          0          0
      0.65          0          0          0
      0.66          0          0          0
      0.67          0          0          0
      0.68          0          0          0
      0.69          0          0          0
       0.7          0          0          0
      0.71          0          0          0
      0.72          0          0          0
      0.73          0          0          0
      0.74          0          0          0
      0.75          0          0          0
      0.76          0          0          0
      0.77          0          0          0
      0.78          0          0          0
      0.79          0          0          0
       0.8          0          0          0
      0.81          0          0          0
      0.82          0          0          0
      0.83          0          0          0
      0.84          0          0          0
      0.85          0          0          0
      0.86          0          0          0
      0.87          0          0          0
      0.88          0          0          0
      0.89          0          0          0
       0.9          0          0          0
      0.91          0          0          0
      0.92          0          0          0
      0.93          0          0          0
      0.94          0          0          0
      0.95          0          0          0
      0.96          0          0          0
      0.97          0          0          0
      0.98          0          0          0
      0.99          0          0          0
