         0          1    0.32957   0.495755
      0.01   0.940133   0.427962   0.588177
      0.02   0.940133    0.42867   0.588845
      0.03   0.940005    0.43544   0.595176
      0.04   0.937707   0.459384   0.616664
      0.05   0.933623   0.483721   0.637267
      0.06   0.918815   0.525417   0.668536
      0.07   0.895668   0.558566   0.688046
      0.08    0.86031   0.607433   0.712087
      0.09   0.828057   0.643939   0.724484
       0.1   0.778189   0.690553   0.731756
      0.11   0.730661   0.725768   0.728206
      0.12   0.694452   0.749301   0.720835
      0.13   0.655348   0.775229   0.710266
      0.14   0.616841   0.787338   0.691738
      0.15   0.567781   0.798064    0.66351
      0.16   0.535997   0.807547    0.64433
      0.17   0.468854   0.812357   0.594557
      0.18   0.448302   0.818041   0.579195
      0.19   0.427155   0.823261   0.562469
       0.2   0.406051   0.827679   0.544819
      0.21   0.366267    0.83132   0.508497
      0.22   0.331631   0.839834   0.475499
      0.23    0.31725   0.852085   0.462355
      0.24   0.293422   0.866756   0.438424
      0.25    0.28087   0.873968   0.425118
      0.26   0.246022   0.891697   0.385643
      0.27   0.237256   0.899702   0.375493
      0.28   0.207557   0.913507   0.338258
      0.29   0.186537   0.917772   0.310056
       0.3   0.172751   0.918429   0.290804
      0.31    0.15888   0.928943    0.27135
      0.32   0.149009    0.93295   0.256974
      0.33   0.133606   0.944444   0.234095
      0.34   0.123862   0.955446   0.219295
      0.35   0.112033   0.962536   0.200705
      0.36   0.106672   0.967949   0.192166
      0.37   0.100374   0.981413   0.182122
      0.38  0.0911837   0.979079    0.16683
      0.39  0.0764616   0.994681   0.142007
       0.4  0.0674836          1   0.126435
      0.41  0.0582078          1   0.110012
      0.42  0.0487193          1  0.0929119
      0.43  0.0352736          1  0.0681435
      0.44  0.0231895          1  0.0453279
      0.45  0.0173177          1  0.0340458
      0.46  0.0118713          1  0.0234641
      0.47 0.00778657          1  0.0154528
      0.48 0.00106374          1 0.00212522
      0.49          0          0          0
       0.5          0          0          0
      0.51          0          0          0
      0.52          0          0          0
      0.53          0          0          0
      0.54          0          0          0
      0.55          0          0          0
      0.56          0          0          0
      0.57          0          0          0
      0.58          0          0          0
      0.59          0          0          0
       0.6          0          0          0
      0.61          0          0          0
      0.62          0          0          0
      0.63          0          0          0
      0.64          0          0          0
      0.65          0          0          0
      0.66          0          0          0
      0.67          0          0          0
      0.68          0          0          0
      0.69          0          0          0
       0.7          0          0          0
      0.71          0          0          0
      0.72          0          0          0
      0.73          0          0          0
      0.74          0          0          0
      0.75          0          0          0
      0.76          0          0          0
      0.77          0          0          0
      0.78          0          0          0
      0.79          0          0          0
       0.8          0          0          0
      0.81          0          0          0
      0.82          0          0          0
      0.83          0          0          0
      0.84          0          0          0
      0.85          0          0          0
      0.86          0          0          0
      0.87          0          0          0
      0.88          0          0          0
      0.89          0          0          0
       0.9          0          0          0
      0.91          0          0          0
      0.92          0          0          0
      0.93          0          0          0
      0.94          0          0          0
      0.95          0          0          0
      0.96          0          0          0
      0.97          0          0          0
      0.98          0          0          0
      0.99          0          0          0
