         0          1   0.256164   0.407851
      0.01   0.973418   0.467582   0.631718
      0.02   0.973418    0.46894   0.632956
      0.03   0.972722   0.478234   0.641216
      0.04   0.971155   0.502551    0.66235
      0.05   0.970633   0.524104   0.680672
      0.06   0.968253    0.55925   0.708994
      0.07   0.962101   0.578105   0.722235
      0.08   0.934185    0.58725   0.721162
      0.09   0.913407   0.593418   0.719436
       0.1   0.881776   0.605795   0.718185
      0.11    0.85682   0.620775   0.719943
      0.12   0.835926   0.633619   0.720847
      0.13   0.813117   0.653903    0.72487
      0.14   0.792745   0.666376   0.724088
      0.15   0.741091   0.682855   0.710782
      0.16   0.702844   0.692586   0.697677
      0.17   0.644109   0.705017   0.673188
      0.18   0.607081   0.718636   0.658165
      0.19   0.552873   0.725854   0.627663
       0.2   0.525073   0.732759    0.61177
      0.21    0.49646   0.740141   0.594291
      0.22   0.465003   0.734623   0.569514
      0.23   0.443935   0.731988   0.552681
      0.24   0.414916   0.725879   0.528016
      0.25   0.400929   0.724023   0.516078
      0.26   0.373651   0.733687   0.495138
      0.27   0.361811   0.732459   0.484362
      0.28   0.346663   0.731818   0.470466
      0.29   0.330586   0.733818   0.455823
       0.3   0.298491   0.771719   0.430478
      0.31   0.274695   0.786192   0.407137
      0.32    0.24794    0.79597   0.378103
      0.33    0.21155   0.806748   0.335201
      0.34   0.181776   0.815199   0.297266
      0.35   0.148984   0.817797   0.252051
      0.36   0.133546   0.815789    0.22952
      0.37   0.106442   0.824561   0.188545
      0.38  0.0951828   0.832776   0.170839
      0.39  0.0854904   0.825726   0.154939
       0.4   0.072664    0.81407   0.133419
      0.41  0.0564132   0.794118   0.105343
      0.42  0.0329658   0.730769  0.0630857
      0.43  0.0195589   0.591837  0.0378664
      0.44 0.00499129   0.363636 0.00984742
      0.45 0.000754498   0.272727 0.00150483
      0.46          0          0          0
      0.47          0          0          0
      0.48          0          0          0
      0.49          0          0          0
       0.5          0          0          0
      0.51          0          0          0
      0.52          0          0          0
      0.53          0          0          0
      0.54          0          0          0
      0.55          0          0          0
      0.56          0          0          0
      0.57          0          0          0
      0.58          0          0          0
      0.59          0          0          0
       0.6          0          0          0
      0.61          0          0          0
      0.62          0          0          0
      0.63          0          0          0
      0.64          0          0          0
      0.65          0          0          0
      0.66          0          0          0
      0.67          0          0          0
      0.68          0          0          0
      0.69          0          0          0
       0.7          0          0          0
      0.71          0          0          0
      0.72          0          0          0
      0.73          0          0          0
      0.74          0          0          0
      0.75          0          0          0
      0.76          0          0          0
      0.77          0          0          0
      0.78          0          0          0
      0.79          0          0          0
       0.8          0          0          0
      0.81          0          0          0
      0.82          0          0          0
      0.83          0          0          0
      0.84          0          0          0
      0.85          0          0          0
      0.86          0          0          0
      0.87          0          0          0
      0.88          0          0          0
      0.89          0          0          0
       0.9          0          0          0
      0.91          0          0          0
      0.92          0          0          0
      0.93          0          0          0
      0.94          0          0          0
      0.95          0          0          0
      0.96          0          0          0
      0.97          0          0          0
      0.98          0          0          0
      0.99          0          0          0
