         0          1   0.382258   0.553092
      0.01   0.885787   0.532961   0.665502
      0.02   0.885787   0.532961   0.665502
      0.03   0.885787   0.532999   0.665532
      0.04   0.882172   0.533013   0.664519
      0.05   0.874047   0.533997    0.66296
      0.06   0.865743   0.538456   0.663958
      0.07   0.855399   0.542496   0.663928
      0.08   0.834819   0.546557   0.660611
      0.09   0.819106   0.550623   0.658552
       0.1   0.787895   0.558359   0.653559
      0.11   0.751459   0.564105   0.644441
      0.12   0.720785   0.571668   0.637624
      0.13   0.694585   0.583517   0.634225
      0.14   0.680411   0.594064   0.634312
      0.15   0.652099   0.611481   0.631137
      0.16   0.638033   0.622003   0.629916
      0.17   0.617381   0.639244   0.628122
      0.18   0.601417   0.652294   0.625824
      0.19   0.585132    0.67059   0.624953
       0.2   0.575969   0.681662   0.624374
      0.21   0.556999   0.700791   0.620676
      0.22   0.539425   0.720653   0.617007
      0.23   0.526397   0.736996   0.614144
      0.24   0.504742   0.758932   0.606272
      0.25   0.492645   0.772634    0.60166
      0.26   0.473317   0.795851   0.593601
      0.27   0.461326   0.812314   0.588458
      0.28   0.430295   0.837936   0.568602
      0.29   0.418304   0.851016   0.560904
       0.3   0.392176   0.872839   0.541189
      0.31   0.371416   0.894906   0.524957
      0.32   0.360142   0.902428   0.514826
      0.33   0.338165   0.912066   0.493395
      0.34   0.323956   0.917197   0.478799
      0.35   0.297398   0.932234   0.450939
      0.36   0.282473   0.938451    0.43424
      0.37   0.247253   0.957082   0.392983
      0.38   0.226422   0.967904   0.366993
      0.39   0.184294   0.979167   0.310204
       0.4   0.161208   0.982487   0.276971
      0.41   0.118651   0.978495   0.211639
      0.42  0.0782777   0.970149   0.144867
      0.43  0.0500734   0.963303  0.0951983
      0.44  0.0311751   0.947368  0.0603637
      0.45  0.0163571   0.914286  0.0321391
      0.46  0.0092702       0.85  0.0183404
      0.47 0.00687211        0.8  0.0136272
      0.48 0.00390136   0.857143 0.00776736
      0.49 0.00143169        0.5 0.00285521
       0.5          0          0          0
      0.51          0          0          0
      0.52          0          0          0
      0.53          0          0          0
      0.54          0          0          0
      0.55          0          0          0
      0.56          0          0          0
      0.57          0          0          0
      0.58          0          0          0
      0.59          0          0          0
       0.6          0          0          0
      0.61          0          0          0
      0.62          0          0          0
      0.63          0          0          0
      0.64          0          0          0
      0.65          0          0          0
      0.66          0          0          0
      0.67          0          0          0
      0.68          0          0          0
      0.69          0          0          0
       0.7          0          0          0
      0.71          0          0          0
      0.72          0          0          0
      0.73          0          0          0
      0.74          0          0          0
      0.75          0          0          0
      0.76          0          0          0
      0.77          0          0          0
      0.78          0          0          0
      0.79          0          0          0
       0.8          0          0          0
      0.81          0          0          0
      0.82          0          0          0
      0.83          0          0          0
      0.84          0          0          0
      0.85          0          0          0
      0.86          0          0          0
      0.87          0          0          0
      0.88          0          0          0
      0.89          0          0          0
       0.9          0          0          0
      0.91          0          0          0
      0.92          0          0          0
      0.93          0          0          0
      0.94          0          0          0
      0.95          0          0          0
      0.96          0          0          0
      0.97          0          0          0
      0.98          0          0          0
      0.99          0          0          0
