         0          1   0.173626   0.295879
      0.01   0.910749   0.589219   0.715523
      0.02   0.793655   0.783639   0.788615
      0.03   0.748739   0.830941   0.787701
      0.04   0.730016   0.872066   0.794743
      0.05   0.724874   0.887462    0.79797
      0.06   0.722546   0.908216   0.804811
      0.07   0.721575   0.919868   0.808744
      0.08    0.70974   0.929617   0.804933
      0.09   0.702658   0.937634   0.803316
       0.1   0.688494   0.951331   0.798848
      0.11   0.675883   0.961538   0.793794
      0.12   0.667152   0.963606   0.788433
      0.13   0.650563   0.966087   0.777534
      0.14   0.642317   0.967421    0.77204
      0.15   0.621265   0.967276   0.756587
      0.16   0.604094   0.971888   0.745074
      0.17   0.586923   0.978564   0.733754
      0.18   0.579744   0.986637   0.730342
      0.19   0.558595   0.997669   0.716194
       0.2   0.549573   0.998792   0.709018
      0.21   0.525223          1   0.688716
      0.22   0.503686          1   0.669935
      0.23   0.480307          1   0.648929
      0.24    0.43151          1   0.602873
      0.25   0.392705          1   0.563945
      0.26   0.324602          1   0.490113
      0.27   0.269402          1   0.424455
      0.28   0.203434          1   0.338089
      0.29   0.160458          1   0.276542
       0.3  0.0951688          1   0.173798
      0.31  0.0681024          1    0.12752
      0.32  0.0455957          1  0.0872147
      0.33  0.0228948          1  0.0447648
      0.34  0.0113504          1   0.022446
      0.35          0          0          0
      0.36          0          0          0
      0.37          0          0          0
      0.38          0          0          0
      0.39          0          0          0
       0.4          0          0          0
      0.41          0          0          0
      0.42          0          0          0
      0.43          0          0          0
      0.44          0          0          0
      0.45          0          0          0
      0.46          0          0          0
      0.47          0          0          0
      0.48          0          0          0
      0.49          0          0          0
       0.5          0          0          0
      0.51          0          0          0
      0.52          0          0          0
      0.53          0          0          0
      0.54          0          0          0
      0.55          0          0          0
      0.56          0          0          0
      0.57          0          0          0
      0.58          0          0          0
      0.59          0          0          0
       0.6          0          0          0
      0.61          0          0          0
      0.62          0          0          0
      0.63          0          0          0
      0.64          0          0          0
      0.65          0          0          0
      0.66          0          0          0
      0.67          0          0          0
      0.68          0          0          0
      0.69          0          0          0
       0.7          0          0          0
      0.71          0          0          0
      0.72          0          0          0
      0.73          0          0          0
      0.74          0          0          0
      0.75          0          0          0
      0.76          0          0          0
      0.77          0          0          0
      0.78          0          0          0
      0.79          0          0          0
       0.8          0          0          0
      0.81          0          0          0
      0.82          0          0          0
      0.83          0          0          0
      0.84          0          0          0
      0.85          0          0          0
      0.86          0          0          0
      0.87          0          0          0
      0.88          0          0          0
      0.89          0          0          0
       0.9          0          0          0
      0.91          0          0          0
      0.92          0          0          0
      0.93          0          0          0
      0.94          0          0          0
      0.95          0          0          0
      0.96          0          0          0
      0.97          0          0          0
      0.98          0          0          0
      0.99          0          0          0
