         0          1   0.331079    0.49746
      0.01   0.925929   0.289346   0.440911
      0.02   0.925929   0.289346   0.440911
      0.03   0.925929   0.289368   0.440936
      0.04   0.925929   0.289414   0.440989
      0.05    0.92539   0.289321   0.440821
      0.06   0.924602   0.289149   0.440532
      0.07   0.923607   0.289614   0.440957
      0.08   0.918962   0.289796   0.440637
      0.09   0.911828   0.290304   0.440396
       0.1   0.898515   0.292546   0.441383
      0.11   0.877364   0.294932   0.441463
      0.12   0.866125   0.296573    0.44185
      0.13   0.841987   0.299535   0.441874
      0.14   0.825979   0.301953   0.442238
      0.15   0.797113   0.310225   0.446629
      0.16   0.774884   0.315509   0.448431
      0.17   0.745023   0.322976   0.450608
      0.18   0.717112    0.33024   0.452224
      0.19   0.698656   0.342972   0.460086
       0.2   0.670413   0.346787   0.457118
      0.21   0.641548    0.36132   0.462283
      0.22   0.611355   0.368383   0.459741
      0.23   0.585559   0.373945   0.456417
      0.24   0.537865   0.380019   0.445369
      0.25   0.510866   0.383683   0.438233
      0.26   0.470554   0.393202   0.428414
      0.27   0.435758   0.398009   0.416029
      0.28   0.392087   0.405648   0.398752
      0.29   0.366374   0.409907   0.386919
       0.3   0.321209    0.41507   0.362157
      0.31   0.285294   0.410705     0.3367
      0.32   0.260244   0.412281   0.319077
      0.33   0.235733   0.415297   0.300752
      0.34    0.21255   0.410612   0.280105
      0.35   0.172777   0.418219   0.244532
      0.36    0.15681   0.411339    0.22706
      0.37   0.130889    0.40729   0.198112
      0.38   0.110028   0.400756   0.172654
      0.39  0.0856835   0.381074   0.139909
       0.4  0.0666888   0.355049   0.112287
      0.41  0.0483991   0.317536  0.0839956
      0.42  0.0272478   0.304688  0.0500223
      0.43  0.0160916   0.274725  0.0304024
      0.44  0.0121931   0.283019   0.023379
      0.45  0.0101194       0.25  0.0194515
      0.46          0          0          0
      0.47          0          0          0
      0.48          0          0          0
      0.49          0          0          0
       0.5          0          0          0
      0.51          0          0          0
      0.52          0          0          0
      0.53          0          0          0
      0.54          0          0          0
      0.55          0          0          0
      0.56          0          0          0
      0.57          0          0          0
      0.58          0          0          0
      0.59          0          0          0
       0.6          0          0          0
      0.61          0          0          0
      0.62          0          0          0
      0.63          0          0          0
      0.64          0          0          0
      0.65          0          0          0
      0.66          0          0          0
      0.67          0          0          0
      0.68          0          0          0
      0.69          0          0          0
       0.7          0          0          0
      0.71          0          0          0
      0.72          0          0          0
      0.73          0          0          0
      0.74          0          0          0
      0.75          0          0          0
      0.76          0          0          0
      0.77          0          0          0
      0.78          0          0          0
      0.79          0          0          0
       0.8          0          0          0
      0.81          0          0          0
      0.82          0          0          0
      0.83          0          0          0
      0.84          0          0          0
      0.85          0          0          0
      0.86          0          0          0
      0.87          0          0          0
      0.88          0          0          0
      0.89          0          0          0
       0.9          0          0          0
      0.91          0          0          0
      0.92          0          0          0
      0.93          0          0          0
      0.94          0          0          0
      0.95          0          0          0
      0.96          0          0          0
      0.97          0          0          0
      0.98          0          0          0
      0.99          0          0          0
