         0          1   0.339259   0.506637
      0.01   0.984152   0.756282   0.855299
      0.02   0.979668   0.804324   0.883379
      0.03   0.977387   0.844025   0.905824
      0.04   0.960224   0.874436   0.915324
      0.05   0.936761   0.888799    0.91215
      0.06    0.89482   0.894612   0.894716
      0.07   0.861654   0.897503   0.879214
      0.08    0.80947    0.90599   0.855015
      0.09   0.784461   0.911159   0.843076
       0.1   0.740549   0.916495   0.819181
      0.11   0.701082   0.921555    0.79634
      0.12    0.67329   0.923995   0.778967
      0.13   0.604871   0.922095   0.730531
      0.14   0.518786   0.919705   0.663376
      0.15   0.424739   0.924205   0.582005
      0.16   0.377619   0.928167   0.536831
      0.17   0.313336   0.935644   0.469456
      0.18   0.274411   0.936327   0.424432
      0.19   0.235253   0.940102   0.376332
       0.2   0.193661   0.938389   0.321062
      0.21   0.157828    0.94898   0.270644
      0.22   0.131194   0.955752   0.230719
      0.23   0.108813    0.95501   0.195367
      0.24  0.0937766   0.949761   0.170699
      0.25  0.0813684   0.951351   0.149915
      0.26  0.0709702   0.955272   0.132125
      0.27  0.0633552   0.954064    0.11882
      0.28  0.0565133   0.948207   0.106669
      0.29  0.0509857   0.946188  0.0967576
       0.3  0.0461925   0.947644   0.088091
      0.31  0.0395439   0.950311  0.0759283
      0.32  0.0378044   0.945946  0.0727033
      0.33  0.0319675   0.946154  0.0618455
      0.34  0.0284113   0.933962  0.0551451
      0.35  0.0209123   0.918605  0.0408936
      0.36  0.0205257   0.914634  0.0401504
      0.37  0.0192114   0.907895  0.0376267
      0.38  0.0177039   0.921875  0.0347406
      0.39    0.01523   0.918367  0.0299631
       0.4  0.0147661   0.909091  0.0290603
      0.41  0.0111326   0.870968  0.0219842
      0.42 0.00618477   0.833333  0.0122784
      0.43 0.00560495   0.833333   0.011135
      0.44 0.00398145        0.8 0.00792346
      0.45 0.00398145          1 0.00793131
      0.46 0.00150754          1 0.00301054
      0.47 0.00150754          1 0.00301054
      0.48          0          0          0
      0.49          0          0          0
       0.5          0          0          0
      0.51          0          0          0
      0.52          0          0          0
      0.53          0          0          0
      0.54          0          0          0
      0.55          0          0          0
      0.56          0          0          0
      0.57          0          0          0
      0.58          0          0          0
      0.59          0          0          0
       0.6          0          0          0
      0.61          0          0          0
      0.62          0          0          0
      0.63          0          0          0
      0.64          0          0          0
      0.65          0          0          0
      0.66          0          0          0
      0.67          0          0          0
      0.68          0          0          0
      0.69          0          0          0
       0.7          0          0          0
      0.71          0          0          0
      0.72          0          0          0
      0.73          0          0          0
      0.74          0          0          0
      0.75          0          0          0
      0.76          0          0          0
      0.77          0          0          0
      0.78          0          0          0
      0.79          0          0          0
       0.8          0          0          0
      0.81          0          0          0
      0.82          0          0          0
      0.83          0          0          0
      0.84          0          0          0
      0.85          0          0          0
      0.86          0          0          0
      0.87          0          0          0
      0.88          0          0          0
      0.89          0          0          0
       0.9          0          0          0
      0.91          0          0          0
      0.92          0          0          0
      0.93          0          0          0
      0.94          0          0          0
      0.95          0          0          0
      0.96          0          0          0
      0.97          0          0          0
      0.98          0          0          0
      0.99          0          0          0
