         0          1   0.393948   0.565226
      0.01   0.959677   0.423972   0.588121
      0.02   0.959607   0.424274   0.588398
      0.03   0.958333   0.426263   0.590067
      0.04   0.945317   0.439111   0.599668
      0.05   0.930284   0.454108   0.610303
      0.06   0.884975   0.481234   0.623448
      0.07   0.829053   0.500399   0.624103
      0.08   0.740132   0.534671   0.620844
      0.09   0.675828   0.561771   0.613544
       0.1   0.580539   0.599599   0.589915
      0.11   0.482881   0.624298   0.544558
      0.12   0.421406    0.64456   0.509625
      0.13   0.338922   0.690768   0.454732
      0.14   0.292197   0.728799   0.417148
      0.15    0.23617   0.777222   0.362262
      0.16   0.203806   0.805423   0.325298
      0.17   0.166348   0.848018   0.278137
      0.18    0.14601   0.894737   0.251052
      0.19   0.115733   0.918033   0.205553
       0.2  0.0958192   0.896175   0.173128
      0.21  0.0619694   0.880734   0.115792
      0.22  0.0471138    0.87013  0.0893876
      0.23  0.0368916   0.923077  0.0709478
      0.24  0.0213639     0.9375  0.0417758
      0.25   0.015457          1  0.0304434
      0.26  0.0103282          1  0.0204453
      0.27  0.0103282          1  0.0204453
      0.28 0.00420911          1 0.00838294
      0.29 0.00392615          1 0.00782158
       0.3 0.00258206          1 0.00515082
      0.31 0.00222835          1  0.0044468
      0.32          0          0          0
      0.33          0          0          0
      0.34          0          0          0
      0.35          0          0          0
      0.36          0          0          0
      0.37          0          0          0
      0.38          0          0          0
      0.39          0          0          0
       0.4          0          0          0
      0.41          0          0          0
      0.42          0          0          0
      0.43          0          0          0
      0.44          0          0          0
      0.45          0          0          0
      0.46          0          0          0
      0.47          0          0          0
      0.48          0          0          0
      0.49          0          0          0
       0.5          0          0          0
      0.51          0          0          0
      0.52          0          0          0
      0.53          0          0          0
      0.54          0          0          0
      0.55          0          0          0
      0.56          0          0          0
      0.57          0          0          0
      0.58          0          0          0
      0.59          0          0          0
       0.6          0          0          0
      0.61          0          0          0
      0.62          0          0          0
      0.63          0          0          0
      0.64          0          0          0
      0.65          0          0          0
      0.66          0          0          0
      0.67          0          0          0
      0.68          0          0          0
      0.69          0          0          0
       0.7          0          0          0
      0.71          0          0          0
      0.72          0          0          0
      0.73          0          0          0
      0.74          0          0          0
      0.75          0          0          0
      0.76          0          0          0
      0.77          0          0          0
      0.78          0          0          0
      0.79          0          0          0
       0.8          0          0          0
      0.81          0          0          0
      0.82          0          0          0
      0.83          0          0          0
      0.84          0          0          0
      0.85          0          0          0
      0.86          0          0          0
      0.87          0          0          0
      0.88          0          0          0
      0.89          0          0          0
       0.9          0          0          0
      0.91          0          0          0
      0.92          0          0          0
      0.93          0          0          0
      0.94          0          0          0
      0.95          0          0          0
      0.96          0          0          0
      0.97          0          0          0
      0.98          0          0          0
      0.99          0          0          0
