         0          1   0.310743   0.474148
      0.01   0.950106   0.347028   0.508372
      0.02   0.950026   0.347564   0.508935
      0.03   0.949826   0.351394   0.513001
      0.04   0.948301   0.371757   0.534124
      0.05   0.945815   0.397327    0.55958
      0.06   0.941804   0.455368   0.613908
      0.07   0.936951   0.502482   0.654148
      0.08   0.926002   0.574221   0.708868
      0.09   0.918461   0.620811   0.740858
       0.1   0.898247   0.685127   0.777344
      0.11   0.877071   0.743089    0.80454
      0.12   0.855332   0.772737   0.811939
      0.13   0.809409   0.816912   0.813143
      0.14   0.777885   0.837303   0.806501
      0.15    0.72763   0.867477   0.791423
      0.16   0.702242   0.881218   0.781615
      0.17   0.660169   0.896322   0.760331
      0.18    0.63426   0.905772   0.746082
      0.19    0.58581   0.918377   0.715329
       0.2   0.556892   0.924201   0.695001
      0.21   0.518189   0.924365   0.664094
      0.22   0.465969   0.924078   0.619535
      0.23   0.438776    0.92332   0.594864
      0.24   0.385433   0.917958   0.542909
      0.25   0.362171   0.914086   0.518791
      0.26   0.312157   0.902353    0.46385
      0.27   0.270084   0.894942   0.414942
      0.28   0.226006    0.88685   0.360214
      0.29   0.204588   0.880399   0.332021
       0.3   0.175671   0.866157   0.292099
      0.31   0.159147   0.851293   0.268161
      0.32   0.144507   0.838785    0.24654
      0.33   0.126339   0.809917   0.218581
      0.34   0.115269   0.785489   0.201036
      0.35   0.102715   0.762082   0.181031
      0.36  0.0882365   0.722944   0.157277
      0.37   0.066779   0.677778   0.121579
      0.38  0.0558296   0.671053   0.103083
      0.39  0.0436771   0.773196  0.0826834
       0.4   0.036578   0.983051  0.0705317
      0.41   0.027233          1   0.053022
      0.42  0.0196928          1  0.0386249
      0.43  0.0147596          1  0.0290898
      0.44  0.0122328          1  0.0241699
      0.45 0.00886375          1  0.0175718
      0.46 0.00220591          1 0.00440211
      0.47          0          0          0
      0.48          0          0          0
      0.49          0          0          0
       0.5          0          0          0
      0.51          0          0          0
      0.52          0          0          0
      0.53          0          0          0
      0.54          0          0          0
      0.55          0          0          0
      0.56          0          0          0
      0.57          0          0          0
      0.58          0          0          0
      0.59          0          0          0
       0.6          0          0          0
      0.61          0          0          0
      0.62          0          0          0
      0.63          0          0          0
      0.64          0          0          0
      0.65          0          0          0
      0.66          0          0          0
      0.67          0          0          0
      0.68          0          0          0
      0.69          0          0          0
       0.7          0          0          0
      0.71          0          0          0
      0.72          0          0          0
      0.73          0          0          0
      0.74          0          0          0
      0.75          0          0          0
      0.76          0          0          0
      0.77          0          0          0
      0.78          0          0          0
      0.79          0          0          0
       0.8          0          0          0
      0.81          0          0          0
      0.82          0          0          0
      0.83          0          0          0
      0.84          0          0          0
      0.85          0          0          0
      0.86          0          0          0
      0.87          0          0          0
      0.88          0          0          0
      0.89          0          0          0
       0.9          0          0          0
      0.91          0          0          0
      0.92          0          0          0
      0.93          0          0          0
      0.94          0          0          0
      0.95          0          0          0
      0.96          0          0          0
      0.97          0          0          0
      0.98          0          0          0
      0.99          0          0          0
