         0          1   0.172013   0.293534
      0.01   0.973967   0.221478    0.36089
      0.02    0.97074    0.22789   0.369124
      0.03   0.959266   0.248798   0.395117
      0.04   0.934165   0.301364   0.455714
      0.05   0.899742   0.341732   0.495332
      0.06   0.849828   0.405386   0.548924
      0.07   0.816767   0.441983   0.573581
      0.08    0.75251   0.482833   0.588236
      0.09   0.721027   0.512934   0.599434
       0.1   0.658778   0.555589   0.602799
      0.11   0.611015   0.582867   0.596609
      0.12   0.573939   0.585185   0.579507
      0.13   0.512192   0.593708   0.549945
      0.14   0.483721   0.592464   0.532598
      0.15     0.4143   0.596023   0.488819
      0.16   0.386976   0.599253    0.47027
      0.17   0.346744   0.604552   0.440714
      0.18   0.330967   0.595497   0.425467
      0.19   0.306512   0.586207   0.402544
       0.2    0.28177   0.569561   0.377022
      0.21   0.259108   0.555904   0.353465
      0.22   0.227625   0.547619   0.321581
      0.23   0.220023   0.537545   0.312242
      0.24    0.19815   0.517105   0.286511
      0.25   0.191122   0.503536   0.277076
      0.26   0.167025   0.504216   0.250929
      0.27   0.150172   0.517034   0.232744
      0.28   0.119406   0.551913   0.196335
      0.29    0.10492   0.619217   0.179436
       0.3   0.089716    0.72067   0.159568
      0.31  0.0681297   0.806122   0.125641
      0.32  0.0398021   0.862069   0.076091
      0.33  0.0344234        0.9  0.0663106
      0.34  0.0271084   0.928571   0.052679
      0.35  0.0200803          1  0.0393701
      0.36 0.00810384          1  0.0160774
      0.37 0.00458979          1 0.00913764
      0.38          0          0          0
      0.39          0          0          0
       0.4          0          0          0
      0.41          0          0          0
      0.42          0          0          0
      0.43          0          0          0
      0.44          0          0          0
      0.45          0          0          0
      0.46          0          0          0
      0.47          0          0          0
      0.48          0          0          0
      0.49          0          0          0
       0.5          0          0          0
      0.51          0          0          0
      0.52          0          0          0
      0.53          0          0          0
      0.54          0          0          0
      0.55          0          0          0
      0.56          0          0          0
      0.57          0          0          0
      0.58          0          0          0
      0.59          0          0          0
       0.6          0          0          0
      0.61          0          0          0
      0.62          0          0          0
      0.63          0          0          0
      0.64          0          0          0
      0.65          0          0          0
      0.66          0          0          0
      0.67          0          0          0
      0.68          0          0          0
      0.69          0          0          0
       0.7          0          0          0
      0.71          0          0          0
      0.72          0          0          0
      0.73          0          0          0
      0.74          0          0          0
      0.75          0          0          0
      0.76          0          0          0
      0.77          0          0          0
      0.78          0          0          0
      0.79          0          0          0
       0.8          0          0          0
      0.81          0          0          0
      0.82          0          0          0
      0.83          0          0          0
      0.84          0          0          0
      0.85          0          0          0
      0.86          0          0          0
      0.87          0          0          0
      0.88          0          0          0
      0.89          0          0          0
       0.9          0          0          0
      0.91          0          0          0
      0.92          0          0          0
      0.93          0          0          0
      0.94          0          0          0
      0.95          0          0          0
      0.96          0          0          0
      0.97          0          0          0
      0.98          0          0          0
      0.99          0          0          0
