         0          1   0.171113   0.292223
      0.01   0.968851   0.142861   0.249006
      0.02   0.968851   0.142933   0.249115
      0.03   0.968756   0.143557   0.250059
      0.04   0.967518   0.146826    0.25496
      0.05   0.965517   0.151392   0.261743
      0.06    0.95904   0.162267    0.27757
      0.07   0.949419   0.169751   0.288008
      0.08   0.920937   0.185854   0.309291
      0.09    0.88293   0.200775   0.327155
       0.1   0.803486    0.22514   0.351725
      0.11   0.739284   0.256168   0.380492
      0.12    0.68775   0.280886   0.398869
      0.13    0.62469   0.321082   0.424154
      0.14    0.58916   0.347925   0.437492
      0.15   0.523528   0.392702   0.448775
      0.16    0.47752   0.422922   0.448565
      0.17   0.415317   0.470619   0.441242
      0.18    0.39017   0.508637   0.441596
      0.19   0.331111   0.566119   0.417837
       0.2   0.307868   0.603448   0.407723
      0.21   0.274814   0.657825   0.387673
      0.22   0.245285   0.697552   0.362945
      0.23   0.217184   0.732919   0.335076
      0.24   0.187941   0.789333   0.303595
      0.25   0.166508   0.833856   0.277586
      0.26   0.145171    0.90566   0.250231
      0.27   0.140408   0.930612   0.244001
      0.28   0.128882   0.945701   0.226848
      0.29   0.105925   0.960396   0.190805
       0.3   0.098495   0.983957   0.179065
      0.31  0.0936369   0.988304   0.171066
      0.32  0.0923986   0.993827   0.169078
      0.33  0.0797295          1   0.147684
      0.34  0.0708706          1   0.132361
      0.35  0.0622023          1    0.11712
      0.36  0.0606782          1   0.114414
      0.37  0.0555344          1   0.105225
      0.38   0.053534          1   0.101627
      0.39  0.0499143          1  0.0950826
       0.4   0.045342          1  0.0867505
      0.41  0.0419127          1  0.0804535
      0.42  0.0323871          1  0.0627422
      0.43  0.0283864          1  0.0552056
      0.44  0.0157173          1  0.0309481
      0.45   0.015241          1  0.0300244
      0.46  0.0100019          1  0.0198057
      0.47 0.00876357          1  0.0173749
      0.48 0.00485807          1 0.00966916
      0.49 0.00428653          1 0.00853647
       0.5          0          0          0
      0.51          0          0          0
      0.52          0          0          0
      0.53          0          0          0
      0.54          0          0          0
      0.55          0          0          0
      0.56          0          0          0
      0.57          0          0          0
      0.58          0          0          0
      0.59          0          0          0
       0.6          0          0          0
      0.61          0          0          0
      0.62          0          0          0
      0.63          0          0          0
      0.64          0          0          0
      0.65          0          0          0
      0.66          0          0          0
      0.67          0          0          0
      0.68          0          0          0
      0.69          0          0          0
       0.7          0          0          0
      0.71          0          0          0
      0.72          0          0          0
      0.73          0          0          0
      0.74          0          0          0
      0.75          0          0          0
      0.76          0          0          0
      0.77          0          0          0
      0.78          0          0          0
      0.79          0          0          0
       0.8          0          0          0
      0.81          0          0          0
      0.82          0          0          0
      0.83          0          0          0
      0.84          0          0          0
      0.85          0          0          0
      0.86          0          0          0
      0.87          0          0          0
      0.88          0          0          0
      0.89          0          0          0
       0.9          0          0          0
      0.91          0          0          0
      0.92          0          0          0
      0.93          0          0          0
      0.94          0          0          0
      0.95          0          0          0
      0.96          0          0          0
      0.97          0          0          0
      0.98          0          0          0
      0.99          0          0          0
