         0          1   0.391539   0.562742
      0.01   0.875491   0.479922   0.619984
      0.02   0.874439   0.480893   0.620529
      0.03   0.867466   0.485141    0.62227
      0.04   0.840657   0.497316   0.624933
      0.05   0.811571   0.508253   0.625058
      0.06   0.733459   0.522041   0.609949
      0.07    0.68114   0.531689   0.597206
      0.08   0.607443   0.548073   0.576233
      0.09   0.561151   0.561548   0.561349
       0.1   0.514017   0.601502   0.554329
      0.11   0.458824   0.646204   0.536627
      0.12   0.427705   0.684257   0.526385
      0.13    0.39119   0.743161    0.51257
      0.14   0.371426   0.782125   0.503665
      0.15   0.339361   0.851397   0.485289
      0.16   0.315987   0.885897   0.465822
      0.17   0.277474   0.911511    0.42544
      0.18   0.251787   0.930505   0.396331
      0.19   0.230446   0.955882   0.371363
       0.2   0.220528   0.976717   0.359816
      0.21   0.207632    0.98961   0.343247
      0.22   0.183417    0.99403   0.309691
      0.23   0.177075   0.995215   0.300655
      0.24   0.167297   0.998239   0.286568
      0.25   0.157275   0.998081   0.271731
      0.26   0.132009          1   0.233229
      0.27   0.123318          1    0.21956
      0.28   0.101065          1   0.183577
      0.29  0.0916386          1   0.167892
       0.3  0.0802846          1   0.148636
      0.31  0.0707177          1   0.132094
      0.32   0.061256          1    0.11544
      0.33  0.0431735          1  0.0827734
      0.34  0.0388982          1  0.0748836
      0.35  0.0353238          1  0.0682372
      0.36  0.0303827          1  0.0589736
      0.37   0.019344          1  0.0379538
      0.38  0.0154542          1  0.0304379
      0.39  0.0125456          1  0.0247802
       0.4 0.00704373          1  0.0139889
      0.41 0.00557191          1  0.0110821
      0.42 0.00189235          1 0.00377754
      0.43 0.000315391          1 0.000630583
      0.44          0          0          0
      0.45          0          0          0
      0.46          0          0          0
      0.47          0          0          0
      0.48          0          0          0
      0.49          0          0          0
       0.5          0          0          0
      0.51          0          0          0
      0.52          0          0          0
      0.53          0          0          0
      0.54          0          0          0
      0.55          0          0          0
      0.56          0          0          0
      0.57          0          0          0
      0.58          0          0          0
      0.59          0          0          0
       0.6          0          0          0
      0.61          0          0          0
      0.62          0          0          0
      0.63          0          0          0
      0.64          0          0          0
      0.65          0          0          0
      0.66          0          0          0
      0.67          0          0          0
      0.68          0          0          0
      0.69          0          0          0
       0.7          0          0          0
      0.71          0          0          0
      0.72          0          0          0
      0.73          0          0          0
      0.74          0          0          0
      0.75          0          0          0
      0.76          0          0          0
      0.77          0          0          0
      0.78          0          0          0
      0.79          0          0          0
       0.8          0          0          0
      0.81          0          0          0
      0.82          0          0          0
      0.83          0          0          0
      0.84          0          0          0
      0.85          0          0          0
      0.86          0          0          0
      0.87          0          0          0
      0.88          0          0          0
      0.89          0          0          0
       0.9          0          0          0
      0.91          0          0          0
      0.92          0          0          0
      0.93          0          0          0
      0.94          0          0          0
      0.95          0          0          0
      0.96          0          0          0
      0.97          0          0          0
      0.98          0          0          0
      0.99          0          0          0
