         0          1   0.216663    0.35616
      0.01   0.996649   0.701083   0.823138
      0.02   0.996467   0.710466   0.829506
      0.03   0.996196   0.722568   0.837601
      0.04   0.993252   0.744534   0.851094
      0.05   0.990806   0.763857   0.862655
      0.06   0.984918   0.808117   0.887801
      0.07   0.982971   0.835169   0.903062
      0.08   0.979801   0.879052   0.926696
      0.09   0.979121   0.901886   0.938918
       0.1   0.976947   0.930957   0.953398
      0.11   0.973234   0.957285   0.965194
      0.12   0.964312   0.967695      0.966
      0.13   0.957156   0.976474   0.966718
      0.14   0.954665   0.982124     0.9682
      0.15    0.94769    0.98849    0.96766
      0.16   0.945154   0.992046   0.968032
      0.17    0.92269   0.994513   0.957256
      0.18   0.898279   0.996109   0.944668
      0.19   0.880571   0.996246   0.934844
       0.2   0.867572    0.99742   0.927976
      0.21   0.841621   0.998643   0.913433
      0.22   0.813315   0.999644   0.896905
      0.23   0.793614    0.99963   0.884788
      0.24   0.757609          1    0.86209
      0.25    0.73913          1       0.85
      0.26   0.717663          1   0.835627
      0.27   0.688813          1   0.815737
      0.28   0.660281          1   0.795384
      0.29   0.624049          1    0.76851
       0.3    0.58827          1   0.740768
      0.31   0.555163          1   0.713961
      0.32   0.533786          1   0.696037
      0.33   0.502808          1   0.669158
      0.34      0.475          1   0.644068
      0.35   0.416168          1   0.587739
      0.36   0.372418          1   0.542719
      0.37   0.314719          1   0.478763
      0.38   0.276404          1   0.433098
      0.39    0.19452          1   0.325687
       0.4   0.148188          1   0.258126
      0.41   0.106295          1   0.192164
      0.42  0.0567482          1   0.107402
      0.43  0.0359149          1  0.0693394
      0.44 0.00978261          1  0.0193757
      0.45 0.00253623          1 0.00505963
      0.46          0          0          0
      0.47          0          0          0
      0.48          0          0          0
      0.49          0          0          0
       0.5          0          0          0
      0.51          0          0          0
      0.52          0          0          0
      0.53          0          0          0
      0.54          0          0          0
      0.55          0          0          0
      0.56          0          0          0
      0.57          0          0          0
      0.58          0          0          0
      0.59          0          0          0
       0.6          0          0          0
      0.61          0          0          0
      0.62          0          0          0
      0.63          0          0          0
      0.64          0          0          0
      0.65          0          0          0
      0.66          0          0          0
      0.67          0          0          0
      0.68          0          0          0
      0.69          0          0          0
       0.7          0          0          0
      0.71          0          0          0
      0.72          0          0          0
      0.73          0          0          0
      0.74          0          0          0
      0.75          0          0          0
      0.76          0          0          0
      0.77          0          0          0
      0.78          0          0          0
      0.79          0          0          0
       0.8          0          0          0
      0.81          0          0          0
      0.82          0          0          0
      0.83          0          0          0
      0.84          0          0          0
      0.85          0          0          0
      0.86          0          0          0
      0.87          0          0          0
      0.88          0          0          0
      0.89          0          0          0
       0.9          0          0          0
      0.91          0          0          0
      0.92          0          0          0
      0.93          0          0          0
      0.94          0          0          0
      0.95          0          0          0
      0.96          0          0          0
      0.97          0          0          0
      0.98          0          0          0
      0.99          0          0          0
