         0          1   0.214804   0.353644
      0.01   0.948869   0.475779   0.633774
      0.02   0.895051   0.586227   0.708447
      0.03   0.875495   0.662774   0.754426
      0.04   0.824886   0.739794   0.780026
      0.05   0.795103   0.764564   0.779535
      0.06   0.702769   0.786767     0.7424
      0.07   0.652758   0.798127    0.71816
      0.08   0.566694    0.79929   0.663189
      0.09   0.519519   0.801199   0.630321
       0.1   0.451892   0.808789   0.579822
      0.11   0.401135   0.819209   0.538558
      0.12   0.371277   0.827209    0.51252
      0.13    0.33082    0.84172   0.474965
      0.14   0.291259    0.85261   0.434194
      0.15   0.264313   0.855324   0.403833
      0.16   0.253937   0.863804   0.392492
      0.17   0.236098   0.867586   0.371184
      0.18   0.228559   0.870149   0.362025
      0.19   0.221766   0.870805   0.353506
       0.2   0.213033   0.874773   0.342626
      0.21   0.193551   0.887734    0.31781
      0.22   0.175935    0.88729   0.293645
      0.23   0.166306   0.888021   0.280147
      0.24   0.157797   0.883234   0.267756
      0.25   0.145854    0.88255   0.250336
      0.26   0.122192   0.871486   0.214332
      0.27   0.109054   0.859813   0.193559
      0.28  0.0877808   0.852761   0.159177
      0.29  0.0746436   0.857143   0.137328
       0.3  0.0612824   0.848214   0.114306
      0.31  0.0506083    0.83908  0.0954592
      0.32  0.0459058   0.828947   0.086994
      0.33  0.0370232   0.827586  0.0708757
      0.34  0.0311264   0.836735    0.06002
      0.35  0.0277674   0.882353  0.0538405
      0.36  0.0197059   0.923077   0.038588
      0.37  0.0151526          1  0.0298529
      0.38 0.00970366          1  0.0192208
      0.39 0.00671792          1  0.0133462
       0.4 0.00671792          1  0.0133462
      0.41 0.00477719          1 0.00950895
      0.42          0          0          0
      0.43          0          0          0
      0.44          0          0          0
      0.45          0          0          0
      0.46          0          0          0
      0.47          0          0          0
      0.48          0          0          0
      0.49          0          0          0
       0.5          0          0          0
      0.51          0          0          0
      0.52          0          0          0
      0.53          0          0          0
      0.54          0          0          0
      0.55          0          0          0
      0.56          0          0          0
      0.57          0          0          0
      0.58          0          0          0
      0.59          0          0          0
       0.6          0          0          0
      0.61          0          0          0
      0.62          0          0          0
      0.63          0          0          0
      0.64          0          0          0
      0.65          0          0          0
      0.66          0          0          0
      0.67          0          0          0
      0.68          0          0          0
      0.69          0          0          0
       0.7          0          0          0
      0.71          0          0          0
      0.72          0          0          0
      0.73          0          0          0
      0.74          0          0          0
      0.75          0          0          0
      0.76          0          0          0
      0.77          0          0          0
      0.78          0          0          0
      0.79          0          0          0
       0.8          0          0          0
      0.81          0          0          0
      0.82          0          0          0
      0.83          0          0          0
      0.84          0          0          0
      0.85          0          0          0
      0.86          0          0          0
      0.87          0          0          0
      0.88          0          0          0
      0.89          0          0          0
       0.9          0          0          0
      0.91          0          0          0
      0.92          0          0          0
      0.93          0          0          0
      0.94          0          0          0
      0.95          0          0          0
      0.96          0          0          0
      0.97          0          0          0
      0.98          0          0          0
      0.99          0          0          0
