         0          1   0.406617   0.578148
      0.01   0.877834   0.588216   0.704418
      0.02   0.874187   0.595957   0.708744
      0.03   0.862336   0.610185   0.714671
      0.04   0.827454   0.633119   0.717358
      0.05   0.794871    0.65092   0.715729
      0.06   0.737871   0.675395   0.705252
      0.07    0.68971   0.692298   0.691001
      0.08   0.621096   0.716669   0.665469
      0.09   0.568535   0.737305   0.642014
       0.1   0.488227   0.768834   0.597212
      0.11   0.432892   0.794098   0.560329
      0.12   0.400904   0.801942   0.534568
      0.13   0.337601    0.82991   0.479959
      0.14   0.293721   0.861458   0.438077
      0.15    0.24885   0.877698   0.387761
      0.16   0.207983   0.879813   0.336435
      0.17   0.165887   0.876238   0.278962
      0.18   0.135484   0.865424    0.23429
      0.19   0.102941        0.9   0.184751
       0.2   0.083439    0.92278    0.15304
      0.21  0.0635801   0.946524   0.119156
      0.22   0.045941    0.95122  0.0876489
      0.23  0.0398763   0.970297  0.0766044
      0.24  0.0285397   0.972222  0.0554516
      0.25  0.0198985          1  0.0390206
      0.26  0.0158554          1  0.0312159
      0.27  0.0122087          1  0.0241228
      0.28  0.0111781          1   0.022109
      0.29  0.0111781          1   0.022109
       0.3  0.0107024          1  0.0211781
      0.31 0.00836372          1  0.0165887
      0.32 0.00788806          1  0.0156527
      0.33 0.00626288          1  0.0124478
      0.34 0.00285397          1  0.0056917
      0.35 0.00186301          1 0.00371909
      0.36          0          0          0
      0.37          0          0          0
      0.38          0          0          0
      0.39          0          0          0
       0.4          0          0          0
      0.41          0          0          0
      0.42          0          0          0
      0.43          0          0          0
      0.44          0          0          0
      0.45          0          0          0
      0.46          0          0          0
      0.47          0          0          0
      0.48          0          0          0
      0.49          0          0          0
       0.5          0          0          0
      0.51          0          0          0
      0.52          0          0          0
      0.53          0          0          0
      0.54          0          0          0
      0.55          0          0          0
      0.56          0          0          0
      0.57          0          0          0
      0.58          0          0          0
      0.59          0          0          0
       0.6          0          0          0
      0.61          0          0          0
      0.62          0          0          0
      0.63          0          0          0
      0.64          0          0          0
      0.65          0          0          0
      0.66          0          0          0
      0.67          0          0          0
      0.68          0          0          0
      0.69          0          0          0
       0.7          0          0          0
      0.71          0          0          0
      0.72          0          0          0
      0.73          0          0          0
      0.74          0          0          0
      0.75          0          0          0
      0.76          0          0          0
      0.77          0          0          0
      0.78          0          0          0
      0.79          0          0          0
       0.8          0          0          0
      0.81          0          0          0
      0.82          0          0          0
      0.83          0          0          0
      0.84          0          0          0
      0.85          0          0          0
      0.86          0          0          0
      0.87          0          0          0
      0.88          0          0          0
      0.89          0          0          0
       0.9          0          0          0
      0.91          0          0          0
      0.92          0          0          0
      0.93          0          0          0
      0.94          0          0          0
      0.95          0          0          0
      0.96          0          0          0
      0.97          0          0          0
      0.98          0          0          0
      0.99          0          0          0
