         0          1   0.364376   0.534128
      0.01   0.957472   0.398966   0.563238
      0.02   0.957472   0.398944   0.563216
      0.03   0.957161   0.399889   0.564104
      0.04   0.955297   0.405102    0.56894
      0.05   0.950065   0.411062   0.573841
      0.06   0.928775   0.424205   0.582405
      0.07   0.908107    0.43554   0.588721
      0.08   0.874955     0.4549   0.598587
      0.09     0.8403   0.472486   0.604866
       0.1   0.790831    0.49843   0.611473
      0.11   0.731002   0.525859   0.611689
      0.12   0.683761   0.543645   0.605705
      0.13   0.631961   0.572079   0.600531
      0.14   0.600414   0.587699   0.593989
      0.15    0.55193    0.61166   0.580262
      0.16   0.518208    0.62372   0.566089
      0.17    0.46993   0.641628   0.542518
      0.18   0.434551   0.649576   0.520739
      0.19   0.393007   0.655445   0.491381
       0.2   0.371562   0.660942   0.475699
      0.21   0.340689   0.668033   0.451247
      0.22   0.318674    0.67436   0.432817
      0.23   0.306035   0.678053   0.421726
      0.24   0.281948    0.68068   0.398734
      0.25   0.269205   0.686168   0.386697
      0.26   0.246931   0.691379   0.363894
      0.27   0.233152   0.700698   0.349883
      0.28   0.213986   0.716012   0.329499
      0.29   0.197203    0.72326   0.309907
       0.3   0.175447   0.730382    0.28293
      0.31   0.161927   0.731436   0.265154
      0.32   0.147527   0.735549   0.245762
      0.33   0.118001   0.729831   0.203155
      0.34   0.104843   0.752809   0.184054
      0.35  0.0854183   0.747748   0.153322
      0.36  0.0718467   0.754513     0.1312
      0.37  0.0552707    0.77551   0.103187
      0.38  0.0485884   0.785235  0.0915142
      0.39  0.0368816   0.840909   0.070664
       0.4  0.0293188   0.868852  0.0567236
      0.41   0.016317   0.870968  0.0320339
      0.42 0.00771821          1  0.0153182
      0.43 0.00720021          1  0.0142975
      0.44  0.0039886          1 0.00794552
      0.45   0.001554          1 0.00310318
      0.46          0          0          0
      0.47          0          0          0
      0.48          0          0          0
      0.49          0          0          0
       0.5          0          0          0
      0.51          0          0          0
      0.52          0          0          0
      0.53          0          0          0
      0.54          0          0          0
      0.55          0          0          0
      0.56          0          0          0
      0.57          0          0          0
      0.58          0          0          0
      0.59          0          0          0
       0.6          0          0          0
      0.61          0          0          0
      0.62          0          0          0
      0.63          0          0          0
      0.64          0          0          0
      0.65          0          0          0
      0.66          0          0          0
      0.67          0          0          0
      0.68          0          0          0
      0.69          0          0          0
       0.7          0          0          0
      0.71          0          0          0
      0.72          0          0          0
      0.73          0          0          0
      0.74          0          0          0
      0.75          0          0          0
      0.76          0          0          0
      0.77          0          0          0
      0.78          0          0          0
      0.79          0          0          0
       0.8          0          0          0
      0.81          0          0          0
      0.82          0          0          0
      0.83          0          0          0
      0.84          0          0          0
      0.85          0          0          0
      0.86          0          0          0
      0.87          0          0          0
      0.88          0          0          0
      0.89          0          0          0
       0.9          0          0          0
      0.91          0          0          0
      0.92          0          0          0
      0.93          0          0          0
      0.94          0          0          0
      0.95          0          0          0
      0.96          0          0          0
      0.97          0          0          0
      0.98          0          0          0
      0.99          0          0          0
