         0          1   0.374026   0.544424
      0.01   0.745755   0.334555   0.461897
      0.02   0.745755   0.334585   0.461926
      0.03   0.745516   0.334454   0.461755
      0.04   0.744801   0.334902   0.462045
      0.05   0.742299   0.335188   0.461833
      0.06   0.735566   0.334538   0.459908
      0.07    0.72633   0.332825   0.456479
      0.08   0.712507   0.329486     0.4506
      0.09   0.696955   0.325419   0.443678
       0.1    0.67485   0.323019    0.43691
      0.11   0.645713   0.317541   0.425725
      0.12   0.624322    0.31305   0.417004
      0.13   0.579396    0.30597   0.400462
      0.14   0.561103   0.301117   0.391913
      0.15   0.514807    0.29576   0.375686
      0.16   0.476911   0.286903   0.358274
      0.17   0.420664    0.27774   0.334578
      0.18   0.386105   0.272228   0.319318
      0.19   0.337127   0.269501   0.299544
       0.2   0.306501   0.267203   0.285506
      0.21   0.263123     0.2733   0.268115
      0.22   0.225168   0.284314   0.251308
      0.23   0.199249   0.291794   0.236801
      0.24   0.176548   0.314371   0.226113
      0.25   0.158375   0.330579   0.214152
      0.26   0.133111   0.356037   0.193775
      0.27   0.121671   0.373969   0.183605
      0.28   0.102246   0.399761   0.162843
      0.29  0.0894357   0.402385   0.146344
       0.3  0.0728118   0.422917   0.124235
      0.31  0.0622058   0.471264   0.109904
      0.32  0.0555324   0.505455    0.10007
      0.33   0.046416   0.556757  0.0856883
      0.34  0.0413514   0.612676  0.0774738
      0.35  0.0356313        0.7  0.0678109
      0.36  0.0288983   0.784615  0.0557435
      0.37  0.0227611   0.837209  0.0443174
      0.38  0.0152535   0.814815  0.0299465
      0.39   0.012036          1  0.0237857
       0.4 0.00744801          1  0.0147859
      0.41 0.00351546          1 0.00700629
      0.42 0.00321754          1 0.00641444
      0.43 0.00172794          1 0.00344992
      0.44 0.00125127          1  0.0024994
      0.45 0.00125127          1  0.0024994
      0.46 0.00125127          1  0.0024994
      0.47          0          0          0
      0.48          0          0          0
      0.49          0          0          0
       0.5          0          0          0
      0.51          0          0          0
      0.52          0          0          0
      0.53          0          0          0
      0.54          0          0          0
      0.55          0          0          0
      0.56          0          0          0
      0.57          0          0          0
      0.58          0          0          0
      0.59          0          0          0
       0.6          0          0          0
      0.61          0          0          0
      0.62          0          0          0
      0.63          0          0          0
      0.64          0          0          0
      0.65          0          0          0
      0.66          0          0          0
      0.67          0          0          0
      0.68          0          0          0
      0.69          0          0          0
       0.7          0          0          0
      0.71          0          0          0
      0.72          0          0          0
      0.73          0          0          0
      0.74          0          0          0
      0.75          0          0          0
      0.76          0          0          0
      0.77          0          0          0
      0.78          0          0          0
      0.79          0          0          0
       0.8          0          0          0
      0.81          0          0          0
      0.82          0          0          0
      0.83          0          0          0
      0.84          0          0          0
      0.85          0          0          0
      0.86          0          0          0
      0.87          0          0          0
      0.88          0          0          0
      0.89          0          0          0
       0.9          0          0          0
      0.91          0          0          0
      0.92          0          0          0
      0.93          0          0          0
      0.94          0          0          0
      0.95          0          0          0
      0.96          0          0          0
      0.97          0          0          0
      0.98          0          0          0
      0.99          0          0          0
