         0          1   0.176767   0.300428
      0.01   0.973986   0.244346   0.390681
      0.02   0.973986   0.244621   0.391032
      0.03   0.973808   0.246653   0.393609
      0.04   0.973584   0.253712   0.402527
      0.05    0.97287   0.259424   0.409619
      0.06   0.959529    0.26649   0.417131
      0.07   0.928339   0.272126   0.420879
      0.08   0.887957   0.283856   0.430192
      0.09   0.881487   0.292606   0.439366
       0.1   0.856365   0.304436   0.449187
      0.11    0.81228   0.318495   0.457575
      0.12   0.796573   0.329251    0.46592
      0.13   0.782607   0.351214   0.484843
      0.14   0.773549   0.367253    0.49805
      0.15   0.765338   0.398317   0.523948
      0.16   0.761323   0.422067   0.543066
      0.17   0.759582   0.459255   0.572418
      0.18   0.757039   0.483441   0.590068
      0.19   0.754763   0.524001   0.618561
       0.2   0.752443   0.548609   0.634559
      0.21   0.743206   0.590301   0.657988
      0.22   0.742805   0.635735   0.685112
      0.23     0.7416   0.665022   0.701226
      0.24   0.735309   0.706757    0.72075
      0.25   0.734015   0.733357   0.733686
      0.26   0.731337   0.774395   0.752251
      0.27   0.728437   0.796785   0.761079
      0.28   0.723886   0.829041   0.772903
      0.29   0.720361   0.848386   0.779149
       0.3   0.708714   0.874554   0.782949
      0.31    0.69988   0.897603   0.786505
      0.32   0.696935   0.915995   0.791589
      0.33   0.690018   0.939752   0.795751
      0.34   0.676275   0.950495   0.790273
      0.35   0.661015   0.968101   0.785615
      0.36   0.636786   0.977575    0.77121
      0.37   0.588149    0.98494   0.736502
      0.38   0.539646   0.990408   0.698628
      0.39   0.455803   0.995177   0.625239
       0.4   0.390656   0.998004   0.561515
      0.41    0.30726          1   0.470082
      0.42   0.250324          1   0.400414
      0.43   0.222078          1   0.363444
      0.44   0.171791          1    0.29321
      0.45   0.140556          1   0.246469
      0.46  0.0764357          1   0.142016
      0.47  0.0548838          1   0.104057
      0.48  0.0109321          1  0.0216278
      0.49 0.00437285          1 0.00870763
       0.5          0          0          0
      0.51          0          0          0
      0.52          0          0          0
      0.53          0          0          0
      0.54          0          0          0
      0.55          0          0          0
      0.56          0          0          0
      0.57          0          0          0
      0.58          0          0          0
      0.59          0          0          0
       0.6          0          0          0
      0.61          0          0          0
      0.62          0          0          0
      0.63          0          0          0
      0.64          0          0          0
      0.65          0          0          0
      0.66          0          0          0
      0.67          0          0          0
      0.68          0          0          0
      0.69          0          0          0
       0.7          0          0          0
      0.71          0          0          0
      0.72          0          0          0
      0.73          0          0          0
      0.74          0          0          0
      0.75          0          0          0
      0.76          0          0          0
      0.77          0          0          0
      0.78          0          0          0
      0.79          0          0          0
       0.8          0          0          0
      0.81          0          0          0
      0.82          0          0          0
      0.83          0          0          0
      0.84          0          0          0
      0.85          0          0          0
      0.86          0          0          0
      0.87          0          0          0
      0.88          0          0          0
      0.89          0          0          0
       0.9          0          0          0
      0.91          0          0          0
      0.92          0          0          0
      0.93          0          0          0
      0.94          0          0          0
      0.95          0          0          0
      0.96          0          0          0
      0.97          0          0          0
      0.98          0          0          0
      0.99          0          0          0
