         0          1   0.361785    0.53134
      0.01   0.965003   0.382162   0.547502
      0.02   0.965003   0.382368   0.547713
      0.03   0.964941   0.384135   0.549513
      0.04   0.962944   0.395259   0.560465
      0.05   0.959357   0.411934   0.576379
      0.06   0.944354   0.444374    0.60436
      0.07   0.927979   0.471528   0.625317
      0.08   0.880755   0.520668    0.65445
      0.09   0.841828   0.553383   0.667789
       0.1   0.770961   0.599262   0.674354
      0.11   0.698347   0.645863    0.67108
      0.12   0.653899    0.67589   0.664713
      0.13   0.601528   0.717356   0.654356
      0.14   0.560792   0.744909   0.639869
      0.15   0.501466   0.784163   0.611733
      0.16   0.469994    0.80287   0.592905
      0.17   0.426731   0.831593   0.564031
      0.18   0.397068   0.845797   0.540427
      0.19   0.359638   0.872263   0.509293
       0.2    0.33403   0.879437   0.484164
      0.21   0.304928   0.902607   0.455855
      0.22   0.285215   0.920034   0.435441
      0.23    0.27617   0.928571   0.425723
      0.24   0.259077   0.944724   0.406639
      0.25   0.252807   0.953042   0.399612
      0.26   0.239894   0.959584   0.383831
      0.27   0.223113   0.963235   0.362305
      0.28   0.207673   0.970628   0.342142
      0.29    0.19713   0.970381   0.327691
       0.3   0.190206   0.977376    0.31844
      0.31   0.176575   0.980165   0.299242
      0.32   0.172146   0.982669   0.292969
      0.33   0.159763   0.981238   0.274786
      0.34   0.156176   0.992141   0.269871
      0.35   0.143824   0.993562   0.251275
      0.36   0.138677   0.995444   0.243441
      0.37   0.128135          1   0.227162
      0.38   0.125016          1   0.222247
      0.39    0.11884          1   0.212434
       0.4   0.111853          1   0.201201
      0.41  0.0996569          1   0.181251
      0.42  0.0872427          1   0.160484
      0.43  0.0737056          1   0.137292
      0.44  0.0599189          1   0.113063
      0.45  0.0458203          1  0.0876256
      0.46  0.0256706          1  0.0500563
      0.47  0.0175296          1  0.0344553
      0.48 0.00757954          1   0.015045
      0.49 0.00464754          1 0.00925207
       0.5  0.0033063          1 0.00659081
      0.51          0          0          0
      0.52          0          0          0
      0.53          0          0          0
      0.54          0          0          0
      0.55          0          0          0
      0.56          0          0          0
      0.57          0          0          0
      0.58          0          0          0
      0.59          0          0          0
       0.6          0          0          0
      0.61          0          0          0
      0.62          0          0          0
      0.63          0          0          0
      0.64          0          0          0
      0.65          0          0          0
      0.66          0          0          0
      0.67          0          0          0
      0.68          0          0          0
      0.69          0          0          0
       0.7          0          0          0
      0.71          0          0          0
      0.72          0          0          0
      0.73          0          0          0
      0.74          0          0          0
      0.75          0          0          0
      0.76          0          0          0
      0.77          0          0          0
      0.78          0          0          0
      0.79          0          0          0
       0.8          0          0          0
      0.81          0          0          0
      0.82          0          0          0
      0.83          0          0          0
      0.84          0          0          0
      0.85          0          0          0
      0.86          0          0          0
      0.87          0          0          0
      0.88          0          0          0
      0.89          0          0          0
       0.9          0          0          0
      0.91          0          0          0
      0.92          0          0          0
      0.93          0          0          0
      0.94          0          0          0
      0.95          0          0          0
      0.96          0          0          0
      0.97          0          0          0
      0.98          0          0          0
      0.99          0          0          0
