         0          1   0.298178   0.459379
      0.01    0.93572   0.299648   0.453933
      0.02    0.93572   0.299852   0.454166
      0.03   0.933492    0.30209   0.456463
      0.04   0.924794   0.317711   0.472943
      0.05   0.915884   0.336878   0.492578
      0.06   0.885229    0.36885   0.520727
      0.07   0.844073   0.393543   0.536804
      0.08   0.760011    0.43088   0.549964
      0.09   0.702042    0.45618   0.553016
       0.1   0.616176   0.500175   0.552149
      0.11   0.534129     0.5517   0.542772
      0.12    0.48995   0.579354   0.530914
      0.13   0.419411   0.612828   0.497999
      0.14   0.379528   0.641038   0.476778
      0.15    0.31074   0.667111   0.423987
      0.16   0.276266   0.680887   0.393053
      0.17   0.232511   0.719823   0.351488
      0.18   0.215115   0.753149   0.334648
      0.19   0.199894   0.819423   0.321387
       0.2   0.186635   0.869932   0.307334
      0.21   0.174702   0.914729   0.293373
      0.22   0.162132   0.943231   0.276702
      0.23    0.15301   0.964871   0.264133
      0.24    0.14219       0.97   0.248024
      0.25   0.139963    0.97861     0.2449
      0.26   0.130735   0.985465   0.230845
      0.27   0.126545   0.987805   0.224349
      0.28   0.120552   0.996644   0.215087
      0.29   0.116733          1   0.209062
       0.3     0.1048          1   0.189717
      0.31  0.0932909          1   0.170661
      0.32  0.0865023          1   0.159231
      0.33  0.0806152          1   0.149202
      0.34  0.0731371          1   0.136305
      0.35  0.0595068          1   0.112329
      0.36   0.037974          1  0.0731695
      0.37  0.0228587          1  0.0446956
      0.38  0.0138955          1  0.0274102
      0.39 0.00885707          1  0.0175586
       0.4  0.0023336          1 0.00465633
      0.41  0.0023336          1 0.00465633
      0.42          0          0          0
      0.43          0          0          0
      0.44          0          0          0
      0.45          0          0          0
      0.46          0          0          0
      0.47          0          0          0
      0.48          0          0          0
      0.49          0          0          0
       0.5          0          0          0
      0.51          0          0          0
      0.52          0          0          0
      0.53          0          0          0
      0.54          0          0          0
      0.55          0          0          0
      0.56          0          0          0
      0.57          0          0          0
      0.58          0          0          0
      0.59          0          0          0
       0.6          0          0          0
      0.61          0          0          0
      0.62          0          0          0
      0.63          0          0          0
      0.64          0          0          0
      0.65          0          0          0
      0.66          0          0          0
      0.67          0          0          0
      0.68          0          0          0
      0.69          0          0          0
       0.7          0          0          0
      0.71          0          0          0
      0.72          0          0          0
      0.73          0          0          0
      0.74          0          0          0
      0.75          0          0          0
      0.76          0          0          0
      0.77          0          0          0
      0.78          0          0          0
      0.79          0          0          0
       0.8          0          0          0
      0.81          0          0          0
      0.82          0          0          0
      0.83          0          0          0
      0.84          0          0          0
      0.85          0          0          0
      0.86          0          0          0
      0.87          0          0          0
      0.88          0          0          0
      0.89          0          0          0
       0.9          0          0          0
      0.91          0          0          0
      0.92          0          0          0
      0.93          0          0          0
      0.94          0          0          0
      0.95          0          0          0
      0.96          0          0          0
      0.97          0          0          0
      0.98          0          0          0
      0.99          0          0          0
