         0          1    0.48887   0.656699
      0.01   0.930248   0.562859   0.701354
      0.02   0.929686   0.563633   0.701794
      0.03    0.92438   0.571956   0.706666
      0.04   0.911153   0.611297   0.731696
      0.05   0.894357   0.648667   0.751952
      0.06   0.848467   0.715058   0.776071
      0.07   0.817197   0.762264   0.788775
      0.08   0.773483   0.834949   0.803042
      0.09   0.746956   0.872131   0.804705
       0.1   0.682852   0.916726   0.782691
      0.11   0.607599   0.948786   0.740795
      0.12   0.564862   0.965526   0.712746
      0.13    0.49511   0.974827    0.65669
      0.14   0.452936   0.981648   0.619865
      0.15   0.396655   0.985592   0.565659
      0.16   0.360105   0.985177   0.527424
      0.17   0.285732   0.985743   0.443042
      0.18   0.250721   0.985378   0.399734
      0.19   0.203584   0.984799   0.337416
       0.2   0.167107    0.98262   0.285637
      0.21   0.129749   0.989437   0.229414
      0.22   0.103076   0.992925   0.186763
      0.23  0.0892866          1   0.163936
      0.24  0.0699966          1   0.130835
      0.25  0.0560608          1    0.10617
      0.26  0.0449611          1  0.0860532
      0.27   0.036184          1   0.069841
      0.28  0.0286294          1  0.0556652
      0.29  0.0271869          1  0.0529347
       0.3  0.0238375          1  0.0465649
      0.31   0.023324          1  0.0455849
      0.32  0.0225906          1   0.044183
      0.33  0.0204635          1  0.0401064
      0.34  0.0198034          1  0.0388377
      0.35  0.0171141          1  0.0336522
      0.36  0.0169185          1   0.033274
      0.37  0.0151337          1  0.0298162
      0.38  0.0137402          1  0.0271079
      0.39  0.0106596          1  0.0210944
       0.4 0.00459635          1 0.00915064
      0.41 0.00212704          1 0.00424504
      0.42 0.00168696          1 0.00336824
      0.43 0.00168696          1 0.00336824
      0.44          0          0          0
      0.45          0          0          0
      0.46          0          0          0
      0.47          0          0          0
      0.48          0          0          0
      0.49          0          0          0
       0.5          0          0          0
      0.51          0          0          0
      0.52          0          0          0
      0.53          0          0          0
      0.54          0          0          0
      0.55          0          0          0
      0.56          0          0          0
      0.57          0          0          0
      0.58          0          0          0
      0.59          0          0          0
       0.6          0          0          0
      0.61          0          0          0
      0.62          0          0          0
      0.63          0          0          0
      0.64          0          0          0
      0.65          0          0          0
      0.66          0          0          0
      0.67          0          0          0
      0.68          0          0          0
      0.69          0          0          0
       0.7          0          0          0
      0.71          0          0          0
      0.72          0          0          0
      0.73          0          0          0
      0.74          0          0          0
      0.75          0          0          0
      0.76          0          0          0
      0.77          0          0          0
      0.78          0          0          0
      0.79          0          0          0
       0.8          0          0          0
      0.81          0          0          0
      0.82          0          0          0
      0.83          0          0          0
      0.84          0          0          0
      0.85          0          0          0
      0.86          0          0          0
      0.87          0          0          0
      0.88          0          0          0
      0.89          0          0          0
       0.9          0          0          0
      0.91          0          0          0
      0.92          0          0          0
      0.93          0          0          0
      0.94          0          0          0
      0.95          0          0          0
      0.96          0          0          0
      0.97          0          0          0
      0.98          0          0          0
      0.99          0          0          0
