         0          1   0.242084   0.389803
      0.01   0.993844   0.252329   0.402474
      0.02   0.993844    0.25384   0.404393
      0.03   0.993545   0.262369   0.415116
      0.04   0.990796   0.292213   0.451319
      0.05   0.984759   0.325784   0.489597
      0.06   0.968741   0.389409   0.555515
      0.07   0.951467   0.436834   0.598765
      0.08   0.878369   0.502992   0.639678
      0.09   0.825115   0.542599   0.654678
       0.1   0.745801   0.595775     0.6624
      0.11   0.630148   0.642951   0.636485
      0.12   0.543542   0.666267    0.59868
      0.13   0.455562   0.708141    0.55444
      0.14   0.396868   0.738323   0.516242
      0.15   0.337995   0.771407    0.47004
      0.16   0.317255   0.793703   0.453314
      0.17   0.277031   0.829196   0.415309
      0.18   0.256649   0.849119   0.394162
      0.19   0.223238   0.880309   0.356158
       0.2   0.215707   0.893983   0.347554
      0.21   0.185524   0.912587    0.30836
      0.22   0.159464   0.928726   0.272193
      0.23    0.14506   0.937343   0.251239
      0.24   0.118104   0.951923   0.210137
      0.25   0.102982   0.947566   0.185775
      0.26  0.0780587   0.964467   0.144428
      0.27  0.0628773   0.967949   0.118084
      0.28  0.0436914   0.971429  0.0836217
      0.29  0.0286295   0.987952  0.0556464
       0.3  0.0226526          1  0.0443016
      0.31  0.0164963          1  0.0324572
      0.32  0.0127309          1  0.0251416
      0.33 0.00777001          1  0.0154202
      0.34 0.00579762          1  0.0115284
      0.35 0.00328731          1 0.00655308
      0.36 0.00245054          1  0.0048891
      0.37 0.00137469          1 0.00274561
      0.38 0.00119539          1 0.00238792
      0.39          0          0          0
       0.4          0          0          0
      0.41          0          0          0
      0.42          0          0          0
      0.43          0          0          0
      0.44          0          0          0
      0.45          0          0          0
      0.46          0          0          0
      0.47          0          0          0
      0.48          0          0          0
      0.49          0          0          0
       0.5          0          0          0
      0.51          0          0          0
      0.52          0          0          0
      0.53          0          0          0
      0.54          0          0          0
      0.55          0          0          0
      0.56          0          0          0
      0.57          0          0          0
      0.58          0          0          0
      0.59          0          0          0
       0.6          0          0          0
      0.61          0          0          0
      0.62          0          0          0
      0.63          0          0          0
      0.64          0          0          0
      0.65          0          0          0
      0.66          0          0          0
      0.67          0          0          0
      0.68          0          0          0
      0.69          0          0          0
       0.7          0          0          0
      0.71          0          0          0
      0.72          0          0          0
      0.73          0          0          0
      0.74          0          0          0
      0.75          0          0          0
      0.76          0          0          0
      0.77          0          0          0
      0.78          0          0          0
      0.79          0          0          0
       0.8          0          0          0
      0.81          0          0          0
      0.82          0          0          0
      0.83          0          0          0
      0.84          0          0          0
      0.85          0          0          0
      0.86          0          0          0
      0.87          0          0          0
      0.88          0          0          0
      0.89          0          0          0
       0.9          0          0          0
      0.91          0          0          0
      0.92          0          0          0
      0.93          0          0          0
      0.94          0          0          0
      0.95          0          0          0
      0.96          0          0          0
      0.97          0          0          0
      0.98          0          0          0
      0.99          0          0          0
