         0          1   0.319512   0.484288
      0.01   0.910963     0.3002   0.451584
      0.02   0.910963   0.300239   0.451628
      0.03   0.910256   0.299555   0.450768
      0.04   0.900418   0.295577   0.445057
      0.05   0.884068   0.292525   0.439595
      0.06   0.854059   0.287527   0.430217
      0.07   0.824333   0.283704   0.422127
      0.08    0.76389   0.277218   0.406805
      0.09   0.705853   0.271569   0.392232
       0.1   0.625097   0.262952   0.370183
      0.11   0.527992   0.253704   0.342726
      0.12   0.477387   0.245892   0.324593
      0.13   0.400382   0.232667   0.294308
      0.14   0.349211   0.223211   0.272343
      0.15   0.272206   0.210876   0.237648
      0.16   0.232076   0.209738   0.220342
      0.17   0.182037   0.213425   0.196485
      0.18   0.160379   0.213867   0.183301
      0.19   0.119612   0.203745   0.150734
       0.2  0.0987331   0.189981   0.129938
      0.21  0.0806143   0.194823   0.114041
      0.22  0.0590983    0.17603  0.0884885
      0.23   0.048128   0.165888  0.0746099
      0.24  0.0242055       0.16  0.0420496
      0.25  0.0177649   0.174359  0.0322445
      0.26  0.0102626   0.145299  0.0191711
      0.27 0.00863472   0.159091  0.0163804
      0.28 0.00728997   0.166667  0.0139689
      0.29 0.00375115   0.129032 0.00729036
       0.3 0.000707764   0.111111 0.00140657
      0.31          0          0          0
      0.32          0          0          0
      0.33          0          0          0
      0.34          0          0          0
      0.35          0          0          0
      0.36          0          0          0
      0.37          0          0          0
      0.38          0          0          0
      0.39          0          0          0
       0.4          0          0          0
      0.41          0          0          0
      0.42          0          0          0
      0.43          0          0          0
      0.44          0          0          0
      0.45          0          0          0
      0.46          0          0          0
      0.47          0          0          0
      0.48          0          0          0
      0.49          0          0          0
       0.5          0          0          0
      0.51          0          0          0
      0.52          0          0          0
      0.53          0          0          0
      0.54          0          0          0
      0.55          0          0          0
      0.56          0          0          0
      0.57          0          0          0
      0.58          0          0          0
      0.59          0          0          0
       0.6          0          0          0
      0.61          0          0          0
      0.62          0          0          0
      0.63          0          0          0
      0.64          0          0          0
      0.65          0          0          0
      0.66          0          0          0
      0.67          0          0          0
      0.68          0          0          0
      0.69          0          0          0
       0.7          0          0          0
      0.71          0          0          0
      0.72          0          0          0
      0.73          0          0          0
      0.74          0          0          0
      0.75          0          0          0
      0.76          0          0          0
      0.77          0          0          0
      0.78          0          0          0
      0.79          0          0          0
       0.8          0          0          0
      0.81          0          0          0
      0.82          0          0          0
      0.83          0          0          0
      0.84          0          0          0
      0.85          0          0          0
      0.86          0          0          0
      0.87          0          0          0
      0.88          0          0          0
      0.89          0          0          0
       0.9          0          0          0
      0.91          0          0          0
      0.92          0          0          0
      0.93          0          0          0
      0.94          0          0          0
      0.95          0          0          0
      0.96          0          0          0
      0.97          0          0          0
      0.98          0          0          0
      0.99          0          0          0
