         0          1   0.384732   0.555677
      0.01   0.866693   0.433341    0.57779
      0.02   0.866522   0.436956   0.580956
      0.03    0.86234   0.452209   0.593295
      0.04   0.837993   0.493457   0.621148
      0.05    0.80047   0.527929   0.636241
      0.06   0.739688   0.587661   0.654969
      0.07   0.697984   0.621208   0.657362
      0.08   0.607184   0.663349   0.634025
      0.09   0.534945   0.684467   0.600539
       0.1    0.43687   0.697989   0.537389
      0.11    0.35472   0.716285   0.474472
      0.12   0.320406   0.720625   0.443584
      0.13   0.270108   0.723118   0.393304
      0.14   0.246792    0.71463   0.366884
      0.15   0.214711   0.715423   0.330295
      0.16   0.191109   0.705882   0.300784
      0.17   0.160804   0.702381   0.261696
      0.18   0.145337   0.706186   0.241062
      0.19   0.121907   0.706751   0.207945
       0.2   0.110678   0.719512   0.191846
      0.21  0.0975023   0.742424   0.172368
      0.22  0.0893103   0.763838   0.159922
      0.23  0.0804308   0.785714   0.145924
      0.24  0.0688588       0.85   0.127397
      0.25   0.061698    0.89172   0.115411
      0.26  0.0516728   0.909836  0.0977916
      0.27  0.0502406   0.943396  0.0954006
      0.28  0.0441682   0.965517  0.0844722
      0.29  0.0419913   0.973333  0.0805093
       0.3  0.0342576          1  0.0662457
      0.31  0.0262374          1  0.0511332
      0.32   0.022972          1  0.0449124
      0.33  0.0163841          1  0.0322399
      0.34 0.00945234          1  0.0187277
      0.35 0.00561412          1  0.0111655
      0.36 0.00527039          1  0.0104855
      0.37          0          0          0
      0.38          0          0          0
      0.39          0          0          0
       0.4          0          0          0
      0.41          0          0          0
      0.42          0          0          0
      0.43          0          0          0
      0.44          0          0          0
      0.45          0          0          0
      0.46          0          0          0
      0.47          0          0          0
      0.48          0          0          0
      0.49          0          0          0
       0.5          0          0          0
      0.51          0          0          0
      0.52          0          0          0
      0.53          0          0          0
      0.54          0          0          0
      0.55          0          0          0
      0.56          0          0          0
      0.57          0          0          0
      0.58          0          0          0
      0.59          0          0          0
       0.6          0          0          0
      0.61          0          0          0
      0.62          0          0          0
      0.63          0          0          0
      0.64          0          0          0
      0.65          0          0          0
      0.66          0          0          0
      0.67          0          0          0
      0.68          0          0          0
      0.69          0          0          0
       0.7          0          0          0
      0.71          0          0          0
      0.72          0          0          0
      0.73          0          0          0
      0.74          0          0          0
      0.75          0          0          0
      0.76          0          0          0
      0.77          0          0          0
      0.78          0          0          0
      0.79          0          0          0
       0.8          0          0          0
      0.81          0          0          0
      0.82          0          0          0
      0.83          0          0          0
      0.84          0          0          0
      0.85          0          0          0
      0.86          0          0          0
      0.87          0          0          0
      0.88          0          0          0
      0.89          0          0          0
       0.9          0          0          0
      0.91          0          0          0
      0.92          0          0          0
      0.93          0          0          0
      0.94          0          0          0
      0.95          0          0          0
      0.96          0          0          0
      0.97          0          0          0
      0.98          0          0          0
      0.99          0          0          0
