         0          1   0.289124   0.448559
      0.01   0.970665   0.378805   0.544944
      0.02   0.970665   0.381875   0.548113
      0.03   0.969356   0.392682    0.55894
      0.04   0.963053   0.416932    0.58193
      0.05   0.952676   0.437616   0.599739
      0.06   0.931585   0.473564   0.627926
      0.07   0.922663   0.498621   0.647385
      0.08   0.904577   0.528275   0.667013
      0.09   0.880818   0.544092   0.672668
       0.1   0.865254   0.568802   0.686386
      0.11   0.840283   0.590703   0.693728
      0.12   0.822779   0.605001   0.697282
      0.13   0.798002   0.626384   0.701854
      0.14   0.780256   0.643166   0.705109
      0.15   0.755721   0.670467   0.710546
      0.16   0.728714   0.693769   0.710812
      0.17   0.701416   0.737129   0.718829
      0.18   0.667232   0.768131   0.714135
      0.19   0.596587    0.82751   0.693326
       0.2   0.564294   0.853329   0.679346
      0.21    0.53268    0.88412   0.664813
      0.22   0.497091   0.895743   0.639366
      0.23   0.476532   0.902088   0.623629
      0.24   0.444143   0.909236   0.596774
      0.25   0.414129   0.909836   0.569184
      0.26   0.377812   0.912088   0.534302
      0.27   0.337519   0.910742   0.492514
      0.28   0.285396   0.909354   0.434444
      0.29   0.239915   0.904279   0.379219
       0.3   0.211259   0.912807   0.343109
      0.31    0.16922   0.926186   0.286158
      0.32   0.149777   0.925466   0.257827
      0.33     0.1154   0.920213   0.205081
      0.34   0.100805   0.917197   0.181646
      0.35  0.0752521   0.904306   0.138942
      0.36  0.0638092   0.895706   0.119132
      0.37  0.0515904   0.861111  0.0973485
      0.38  0.0466932   0.840426   0.088471
      0.39  0.0404868   0.855072  0.0773129
       0.4  0.0309348       0.82  0.0596205
      0.41  0.0183282   0.758621  0.0357916
      0.42   0.013237   0.857143  0.0260714
      0.43 0.00775795       0.75  0.0153571
      0.44 0.00460628        0.6 0.00914238
      0.45          0          0          0
      0.46          0          0          0
      0.47          0          0          0
      0.48          0          0          0
      0.49          0          0          0
       0.5          0          0          0
      0.51          0          0          0
      0.52          0          0          0
      0.53          0          0          0
      0.54          0          0          0
      0.55          0          0          0
      0.56          0          0          0
      0.57          0          0          0
      0.58          0          0          0
      0.59          0          0          0
       0.6          0          0          0
      0.61          0          0          0
      0.62          0          0          0
      0.63          0          0          0
      0.64          0          0          0
      0.65          0          0          0
      0.66          0          0          0
      0.67          0          0          0
      0.68          0          0          0
      0.69          0          0          0
       0.7          0          0          0
      0.71          0          0          0
      0.72          0          0          0
      0.73          0          0          0
      0.74          0          0          0
      0.75          0          0          0
      0.76          0          0          0
      0.77          0          0          0
      0.78          0          0          0
      0.79          0          0          0
       0.8          0          0          0
      0.81          0          0          0
      0.82          0          0          0
      0.83          0          0          0
      0.84          0          0          0
      0.85          0          0          0
      0.86          0          0          0
      0.87          0          0          0
      0.88          0          0          0
      0.89          0          0          0
       0.9          0          0          0
      0.91          0          0          0
      0.92          0          0          0
      0.93          0          0          0
      0.94          0          0          0
      0.95          0          0          0
      0.96          0          0          0
      0.97          0          0          0
      0.98          0          0          0
      0.99          0          0          0
