         0          1   0.108911   0.196429
      0.01   0.987393   0.192988    0.32287
      0.02   0.987393   0.193574    0.32369
      0.03   0.986856   0.198736   0.330845
      0.04   0.978809   0.216542   0.354629
      0.05   0.971164   0.232298   0.374917
      0.06   0.961105    0.25957   0.408748
      0.07   0.946888   0.276027   0.427449
      0.08    0.90853   0.300447   0.451564
      0.09   0.881438   0.317493   0.466834
       0.1   0.792784   0.334921   0.470903
      0.11   0.704667   0.352975   0.470348
      0.12   0.628755    0.35851   0.456645
      0.13   0.502817   0.367723   0.424787
      0.14   0.431465   0.368889    0.39773
      0.15   0.339995   0.371871   0.355219
      0.16   0.284335   0.370639   0.321801
      0.17   0.251341   0.369057   0.299031
      0.18   0.218214   0.364842   0.273091
      0.19   0.167918   0.342776   0.225412
       0.2    0.13345   0.322086   0.188711
      0.21   0.120172   0.308628   0.172987
      0.22  0.0989807   0.286064   0.147073
      0.23  0.0952253   0.277707   0.141821
      0.24  0.0763144   0.251389   0.117085
      0.25  0.0734979   0.238586   0.112377
      0.26  0.0531116   0.222756  0.0857725
      0.27  0.0505633   0.208122  0.0813601
      0.28  0.0421137   0.184358  0.0685648
      0.29  0.0359442    0.16501  0.0590299
       0.3  0.0266899   0.144124  0.0450392
      0.31  0.0232028   0.131707  0.0394548
      0.32  0.0215933   0.126316  0.0368818
      0.33  0.0109979  0.0979228  0.0197748
      0.34 0.00898605  0.0912052  0.0163602
      0.35 0.00777897  0.0892193  0.0143102
      0.36 0.00643777     0.0875  0.0119931
      0.37 0.00362124  0.0645161 0.00685758
      0.38 0.00348712  0.0674847 0.00663158
      0.39 0.00187768  0.0413223 0.00359214
       0.4 0.00147532  0.0430108 0.00285279
      0.41 0.000536481  0.0333333 0.00105597
      0.42          0          0          0
      0.43          0          0          0
      0.44          0          0          0
      0.45          0          0          0
      0.46          0          0          0
      0.47          0          0          0
      0.48          0          0          0
      0.49          0          0          0
       0.5          0          0          0
      0.51          0          0          0
      0.52          0          0          0
      0.53          0          0          0
      0.54          0          0          0
      0.55          0          0          0
      0.56          0          0          0
      0.57          0          0          0
      0.58          0          0          0
      0.59          0          0          0
       0.6          0          0          0
      0.61          0          0          0
      0.62          0          0          0
      0.63          0          0          0
      0.64          0          0          0
      0.65          0          0          0
      0.66          0          0          0
      0.67          0          0          0
      0.68          0          0          0
      0.69          0          0          0
       0.7          0          0          0
      0.71          0          0          0
      0.72          0          0          0
      0.73          0          0          0
      0.74          0          0          0
      0.75          0          0          0
      0.76          0          0          0
      0.77          0          0          0
      0.78          0          0          0
      0.79          0          0          0
       0.8          0          0          0
      0.81          0          0          0
      0.82          0          0          0
      0.83          0          0          0
      0.84          0          0          0
      0.85          0          0          0
      0.86          0          0          0
      0.87          0          0          0
      0.88          0          0          0
      0.89          0          0          0
       0.9          0          0          0
      0.91          0          0          0
      0.92          0          0          0
      0.93          0          0          0
      0.94          0          0          0
      0.95          0          0          0
      0.96          0          0          0
      0.97          0          0          0
      0.98          0          0          0
      0.99          0          0          0
