         0          1   0.354609   0.523559
      0.01   0.953311   0.396456   0.560016
      0.02   0.953311   0.396567   0.560127
      0.03    0.95319   0.396908   0.560446
      0.04   0.952586   0.402109   0.565505
      0.05   0.951258   0.408972   0.572018
      0.06   0.943449   0.421721   0.582891
      0.07   0.939787   0.434445   0.594202
      0.08   0.924935   0.453944      0.609
      0.09   0.913785   0.468377   0.619314
       0.1   0.886577   0.493015    0.63366
      0.11    0.85808   0.519262   0.646997
      0.12   0.833206   0.536005    0.65235
      0.13     0.7967   0.562564   0.659467
      0.14   0.768887   0.579329   0.660782
      0.15   0.715677   0.603067   0.654564
      0.16   0.685208   0.618904   0.650371
      0.17   0.647816   0.650018   0.648916
      0.18   0.622701   0.669984   0.645478
      0.19   0.574804   0.699787   0.631168
       0.2   0.547877   0.716601   0.620982
      0.21   0.508352   0.739751   0.602601
      0.22   0.468666   0.772326   0.583344
      0.23   0.444596   0.795002   0.570274
      0.24   0.413484   0.816598   0.548988
      0.25    0.39356   0.838243   0.535636
      0.26   0.342644   0.857049   0.489564
      0.27   0.314107   0.859877   0.460132
      0.28   0.264319   0.884381   0.406997
      0.29   0.222137   0.886534   0.355258
       0.3   0.174643   0.888288   0.291897
      0.31   0.130972   0.887728   0.228266
      0.32   0.110968   0.890365   0.197341
      0.33  0.0774804       0.88   0.142421
      0.34  0.0696317   0.902174   0.129285
      0.35  0.0568324   0.912409      0.107
      0.36  0.0474945   0.917431  0.0903135
      0.37  0.0367881   0.915493  0.0707338
      0.38  0.0328436   0.929825  0.0634462
      0.39  0.0248742          1   0.048541
       0.4   0.021775          1  0.0426219
      0.41  0.0177501          1   0.034881
      0.42  0.0103441          1  0.0204765
      0.43 0.00720467          1  0.0143063
      0.44 0.00321996          1 0.00641926
      0.45 0.00293822          1 0.00585922
      0.46 0.00293822          1 0.00585922
      0.47          0          0          0
      0.48          0          0          0
      0.49          0          0          0
       0.5          0          0          0
      0.51          0          0          0
      0.52          0          0          0
      0.53          0          0          0
      0.54          0          0          0
      0.55          0          0          0
      0.56          0          0          0
      0.57          0          0          0
      0.58          0          0          0
      0.59          0          0          0
       0.6          0          0          0
      0.61          0          0          0
      0.62          0          0          0
      0.63          0          0          0
      0.64          0          0          0
      0.65          0          0          0
      0.66          0          0          0
      0.67          0          0          0
      0.68          0          0          0
      0.69          0          0          0
       0.7          0          0          0
      0.71          0          0          0
      0.72          0          0          0
      0.73          0          0          0
      0.74          0          0          0
      0.75          0          0          0
      0.76          0          0          0
      0.77          0          0          0
      0.78          0          0          0
      0.79          0          0          0
       0.8          0          0          0
      0.81          0          0          0
      0.82          0          0          0
      0.83          0          0          0
      0.84          0          0          0
      0.85          0          0          0
      0.86          0          0          0
      0.87          0          0          0
      0.88          0          0          0
      0.89          0          0          0
       0.9          0          0          0
      0.91          0          0          0
      0.92          0          0          0
      0.93          0          0          0
      0.94          0          0          0
      0.95          0          0          0
      0.96          0          0          0
      0.97          0          0          0
      0.98          0          0          0
      0.99          0          0          0
