         0          1   0.308236   0.471224
      0.01   0.894165   0.442578   0.592093
      0.02   0.894165   0.442622   0.592132
      0.03   0.893561   0.442689    0.59206
      0.04   0.889235   0.442925   0.591317
      0.05    0.88667   0.444544   0.592187
      0.06   0.872887   0.445736   0.590127
      0.07   0.859155   0.449589   0.590286
      0.08   0.834306   0.460791   0.593686
      0.09   0.813581   0.465422   0.592115
       0.1   0.773843   0.471405   0.585897
      0.11   0.737525   0.470102   0.574204
      0.12   0.712978   0.461473   0.560296
      0.13   0.663984   0.448453   0.535339
      0.14    0.62163     0.4403   0.515484
      0.15   0.567706    0.42983    0.48924
      0.16   0.525151   0.425299    0.46998
      0.17   0.461066   0.418733   0.438881
      0.18   0.431087   0.423722   0.427372
      0.19   0.375151   0.440178   0.405071
       0.2    0.34829   0.451296   0.393158
      0.21   0.309054   0.478519   0.375554
      0.22    0.27998   0.505952    0.36048
      0.23   0.264386    0.52812    0.35237
      0.24    0.23672   0.572106   0.334878
      0.25   0.221177   0.599213   0.323095
      0.26    0.19507   0.639791   0.298982
      0.27   0.181388   0.673469   0.285801
      0.28   0.158803   0.738462   0.261394
      0.29   0.133954   0.748963   0.227261
       0.3   0.116751    0.80109   0.203799
      0.31  0.0972837   0.823741   0.174016
      0.32  0.0870724   0.860262   0.158139
      0.33  0.0670523   0.859756   0.124402
      0.34  0.0588531   0.859375   0.110162
      0.35  0.0482394   0.918605  0.0916652
      0.36  0.0380282   0.907407  0.0729971
      0.37  0.0274648          1  0.0534613
      0.38  0.0229879          1  0.0449427
      0.39 0.00880282          1   0.017452
       0.4 0.000653924          1 0.00130699
      0.41 0.00055332          1 0.00110603
      0.42          0          0          0
      0.43          0          0          0
      0.44          0          0          0
      0.45          0          0          0
      0.46          0          0          0
      0.47          0          0          0
      0.48          0          0          0
      0.49          0          0          0
       0.5          0          0          0
      0.51          0          0          0
      0.52          0          0          0
      0.53          0          0          0
      0.54          0          0          0
      0.55          0          0          0
      0.56          0          0          0
      0.57          0          0          0
      0.58          0          0          0
      0.59          0          0          0
       0.6          0          0          0
      0.61          0          0          0
      0.62          0          0          0
      0.63          0          0          0
      0.64          0          0          0
      0.65          0          0          0
      0.66          0          0          0
      0.67          0          0          0
      0.68          0          0          0
      0.69          0          0          0
       0.7          0          0          0
      0.71          0          0          0
      0.72          0          0          0
      0.73          0          0          0
      0.74          0          0          0
      0.75          0          0          0
      0.76          0          0          0
      0.77          0          0          0
      0.78          0          0          0
      0.79          0          0          0
       0.8          0          0          0
      0.81          0          0          0
      0.82          0          0          0
      0.83          0          0          0
      0.84          0          0          0
      0.85          0          0          0
      0.86          0          0          0
      0.87          0          0          0
      0.88          0          0          0
      0.89          0          0          0
       0.9          0          0          0
      0.91          0          0          0
      0.92          0          0          0
      0.93          0          0          0
      0.94          0          0          0
      0.95          0          0          0
      0.96          0          0          0
      0.97          0          0          0
      0.98          0          0          0
      0.99          0          0          0
