         0          1   0.363236   0.532903
      0.01   0.974253   0.345977   0.510622
      0.02    0.97421    0.34635   0.511022
      0.03   0.973693   0.346735   0.511369
      0.04   0.971541   0.346002   0.510275
      0.05    0.96125   0.343854   0.506519
      0.06   0.912555    0.34197   0.497505
      0.07   0.857057   0.344346   0.491299
      0.08   0.754628   0.349997   0.478203
      0.09    0.66404   0.358655   0.465752
       0.1   0.556144     0.3858   0.455569
      0.11   0.489753    0.42579   0.455537
      0.12    0.44222   0.464881   0.453268
      0.13   0.385215   0.531184   0.446574
      0.14   0.350125   0.584871   0.438029
      0.15    0.29975   0.677181   0.415557
      0.16   0.270774   0.737595   0.396128
      0.17   0.237406   0.815279   0.367731
      0.18    0.21308   0.860846   0.341605
      0.19   0.190046   0.915751   0.314768
       0.2   0.175192   0.950783   0.295867
      0.21   0.146215    0.96519   0.253959
      0.22   0.121502   0.982456   0.216259
      0.23   0.096745    0.98324   0.176157
      0.24  0.0660897          1   0.123985
      0.25  0.0520107          1  0.0988786
      0.26  0.0436149          1  0.0835843
      0.27   0.035908          1  0.0693267
      0.28  0.0242831          1  0.0474149
      0.29  0.0131749          1  0.0260071
       0.3 0.00710411          1   0.014108
      0.31  0.0045208          1  0.0090009
      0.32 0.00241109          1 0.00481058
      0.33          0          0          0
      0.34          0          0          0
      0.35          0          0          0
      0.36          0          0          0
      0.37          0          0          0
      0.38          0          0          0
      0.39          0          0          0
       0.4          0          0          0
      0.41          0          0          0
      0.42          0          0          0
      0.43          0          0          0
      0.44          0          0          0
      0.45          0          0          0
      0.46          0          0          0
      0.47          0          0          0
      0.48          0          0          0
      0.49          0          0          0
       0.5          0          0          0
      0.51          0          0          0
      0.52          0          0          0
      0.53          0          0          0
      0.54          0          0          0
      0.55          0          0          0
      0.56          0          0          0
      0.57          0          0          0
      0.58          0          0          0
      0.59          0          0          0
       0.6          0          0          0
      0.61          0          0          0
      0.62          0          0          0
      0.63          0          0          0
      0.64          0          0          0
      0.65          0          0          0
      0.66          0          0          0
      0.67          0          0          0
      0.68          0          0          0
      0.69          0          0          0
       0.7          0          0          0
      0.71          0          0          0
      0.72          0          0          0
      0.73          0          0          0
      0.74          0          0          0
      0.75          0          0          0
      0.76          0          0          0
      0.77          0          0          0
      0.78          0          0          0
      0.79          0          0          0
       0.8          0          0          0
      0.81          0          0          0
      0.82          0          0          0
      0.83          0          0          0
      0.84          0          0          0
      0.85          0          0          0
      0.86          0          0          0
      0.87          0          0          0
      0.88          0          0          0
      0.89          0          0          0
       0.9          0          0          0
      0.91          0          0          0
      0.92          0          0          0
      0.93          0          0          0
      0.94          0          0          0
      0.95          0          0          0
      0.96          0          0          0
      0.97          0          0          0
      0.98          0          0          0
      0.99          0          0          0
