         0          1   0.164811   0.282983
      0.01   0.984091   0.178796   0.302611
      0.02   0.984091   0.181485   0.306455
      0.03   0.982471   0.189573   0.317821
      0.04   0.971516     0.2101   0.345485
      0.05   0.949033   0.230642   0.371097
      0.06   0.902067    0.26392   0.408364
      0.07   0.851291   0.288438   0.430883
      0.08    0.76136   0.325142   0.455683
      0.09   0.712394   0.347184    0.46685
       0.1   0.600267   0.377581   0.463568
      0.11   0.512527    0.40342   0.451475
      0.12   0.466324   0.403625   0.432715
      0.13   0.390588    0.42354   0.406397
      0.14   0.353434   0.432819   0.389119
      0.15   0.279413    0.42654   0.337645
      0.16   0.251024   0.422179   0.314844
      0.17   0.192341   0.417143   0.263284
      0.18   0.145946   0.381944   0.211193
      0.19   0.106983   0.353982   0.164308
       0.2  0.0917405   0.349727   0.145352
      0.21  0.0673526   0.288732   0.109226
      0.22  0.0583024   0.305556  0.0979207
      0.23  0.0475374   0.308642  0.0823857
      0.24  0.0345813   0.275862  0.0614584
      0.25  0.0290559   0.255319  0.0521743
      0.26  0.0232447   0.228571  0.0421981
      0.27  0.0200057   0.185185  0.0361104
      0.28  0.0122892   0.222222  0.0232905
      0.29 0.00952653   0.153846   0.017942
       0.3 0.00828808   0.111111  0.0154255
      0.31          0          0          0
      0.32          0          0          0
      0.33          0          0          0
      0.34          0          0          0
      0.35          0          0          0
      0.36          0          0          0
      0.37          0          0          0
      0.38          0          0          0
      0.39          0          0          0
       0.4          0          0          0
      0.41          0          0          0
      0.42          0          0          0
      0.43          0          0          0
      0.44          0          0          0
      0.45          0          0          0
      0.46          0          0          0
      0.47          0          0          0
      0.48          0          0          0
      0.49          0          0          0
       0.5          0          0          0
      0.51          0          0          0
      0.52          0          0          0
      0.53          0          0          0
      0.54          0          0          0
      0.55          0          0          0
      0.56          0          0          0
      0.57          0          0          0
      0.58          0          0          0
      0.59          0          0          0
       0.6          0          0          0
      0.61          0          0          0
      0.62          0          0          0
      0.63          0          0          0
      0.64          0          0          0
      0.65          0          0          0
      0.66          0          0          0
      0.67          0          0          0
      0.68          0          0          0
      0.69          0          0          0
       0.7          0          0          0
      0.71          0          0          0
      0.72          0          0          0
      0.73          0          0          0
      0.74          0          0          0
      0.75          0          0          0
      0.76          0          0          0
      0.77          0          0          0
      0.78          0          0          0
      0.79          0          0          0
       0.8          0          0          0
      0.81          0          0          0
      0.82          0          0          0
      0.83          0          0          0
      0.84          0          0          0
      0.85          0          0          0
      0.86          0          0          0
      0.87          0          0          0
      0.88          0          0          0
      0.89          0          0          0
       0.9          0          0          0
      0.91          0          0          0
      0.92          0          0          0
      0.93          0          0          0
      0.94          0          0          0
      0.95          0          0          0
      0.96          0          0          0
      0.97          0          0          0
      0.98          0          0          0
      0.99          0          0          0
