         0          1   0.317058   0.481463
      0.01   0.956434   0.377474    0.54131
      0.02   0.956434   0.377511   0.541348
      0.03   0.956043   0.378293   0.542089
      0.04   0.951148    0.38218   0.545266
      0.05    0.94219   0.385695   0.547334
      0.06   0.919918    0.39065   0.548413
      0.07   0.898722   0.398094   0.551776
      0.08   0.864213   0.407476   0.553825
      0.09   0.839493   0.412078   0.552803
       0.1    0.79485   0.419666   0.549307
      0.11   0.749376   0.433251   0.549062
      0.12   0.721034   0.442157   0.548165
      0.13   0.688139    0.46428   0.554467
      0.14   0.669098   0.480705   0.559468
      0.15   0.640805   0.504563   0.564581
      0.16     0.6224   0.524311    0.56916
      0.17   0.587596   0.546971   0.566556
      0.18   0.568114   0.563973   0.566036
      0.19   0.531842   0.589919   0.559377
       0.2   0.502668   0.606534   0.549738
      0.21   0.462235    0.62784   0.532458
      0.22   0.430369   0.645377   0.516386
      0.23   0.421019   0.657799   0.513425
      0.24   0.390279   0.667676    0.49261
      0.25   0.373636   0.672715   0.480432
      0.26   0.331587   0.674033   0.444503
      0.27   0.308973   0.678729    0.42464
      0.28   0.268736   0.701075   0.388537
      0.29   0.238729   0.706813    0.35691
       0.3   0.207891   0.726608   0.323286
      0.31   0.183416   0.748264   0.294615
      0.32   0.170297   0.752918   0.277768
      0.33   0.150521     0.7471   0.250561
      0.34   0.132655   0.742782   0.225107
      0.35   0.107935   0.734824   0.188223
      0.36  0.0937882   0.725926   0.166115
      0.37  0.0798375   0.713004   0.143596
      0.38   0.073474   0.718085   0.133308
      0.39  0.0524744   0.716216  0.0977845
       0.4  0.0451809    0.70229  0.0848998
      0.41  0.0383279   0.682692  0.0725809
      0.42  0.0296148   0.638889  0.0566057
      0.43  0.0277547   0.610169  0.0530942
      0.44  0.0183073        0.5  0.0353213
      0.45  0.0177199   0.590909   0.034408
      0.46 0.00778305   0.454545  0.0153041
      0.47  0.0049929   0.285714  0.0098143
      0.48  0.0023496   0.333333 0.00466631
      0.49          0          0          0
       0.5          0          0          0
      0.51          0          0          0
      0.52          0          0          0
      0.53          0          0          0
      0.54          0          0          0
      0.55          0          0          0
      0.56          0          0          0
      0.57          0          0          0
      0.58          0          0          0
      0.59          0          0          0
       0.6          0          0          0
      0.61          0          0          0
      0.62          0          0          0
      0.63          0          0          0
      0.64          0          0          0
      0.65          0          0          0
      0.66          0          0          0
      0.67          0          0          0
      0.68          0          0          0
      0.69          0          0          0
       0.7          0          0          0
      0.71          0          0          0
      0.72          0          0          0
      0.73          0          0          0
      0.74          0          0          0
      0.75          0          0          0
      0.76          0          0          0
      0.77          0          0          0
      0.78          0          0          0
      0.79          0          0          0
       0.8          0          0          0
      0.81          0          0          0
      0.82          0          0          0
      0.83          0          0          0
      0.84          0          0          0
      0.85          0          0          0
      0.86          0          0          0
      0.87          0          0          0
      0.88          0          0          0
      0.89          0          0          0
       0.9          0          0          0
      0.91          0          0          0
      0.92          0          0          0
      0.93          0          0          0
      0.94          0          0          0
      0.95          0          0          0
      0.96          0          0          0
      0.97          0          0          0
      0.98          0          0          0
      0.99          0          0          0
