         0          1    0.28722   0.446264
      0.01   0.883608   0.379016   0.530485
      0.02   0.883557   0.379092    0.53055
      0.03   0.883149   0.380831   0.532177
      0.04   0.880494   0.384336     0.5351
      0.05    0.87493   0.390465   0.539957
      0.06   0.856552   0.396303   0.541889
      0.07   0.842667   0.403114   0.545346
      0.08   0.806626   0.410057   0.543712
      0.09    0.78396   0.412377   0.540461
       0.1   0.750421   0.413531   0.533222
      0.11   0.718924   0.414224   0.525607
      0.12   0.690081   0.413204     0.5169
      0.13   0.648272   0.412869    0.50446
      0.14   0.613763   0.413891    0.49439
      0.15   0.562867   0.414469   0.477402
      0.16   0.528154   0.411944   0.462866
      0.17   0.474603   0.415738   0.443225
      0.18   0.440758   0.412437   0.426127
      0.19   0.386646   0.414549   0.400111
       0.2    0.34989   0.413669   0.379116
      0.21   0.305835   0.431205   0.357857
      0.22   0.258512   0.452326   0.328997
      0.23   0.231303   0.473612   0.310812
      0.24   0.192353   0.509091    0.27921
      0.25   0.167696   0.545918   0.256577
      0.26   0.148604   0.599196   0.238146
      0.27   0.140589   0.653094   0.231372
      0.28   0.125581   0.724942   0.214077
      0.29   0.110879   0.789969   0.194463
       0.3  0.0844351    0.82199    0.15314
      0.31  0.0584512    0.85567   0.109427
      0.32  0.0475777   0.901639   0.090386
      0.33  0.0298637          1  0.0579954
      0.34  0.0142427          1  0.0280854
      0.35 0.00382868          1 0.00762815
      0.36          0          0          0
      0.37          0          0          0
      0.38          0          0          0
      0.39          0          0          0
       0.4          0          0          0
      0.41          0          0          0
      0.42          0          0          0
      0.43          0          0          0
      0.44          0          0          0
      0.45          0          0          0
      0.46          0          0          0
      0.47          0          0          0
      0.48          0          0          0
      0.49          0          0          0
       0.5          0          0          0
      0.51          0          0          0
      0.52          0          0          0
      0.53          0          0          0
      0.54          0          0          0
      0.55          0          0          0
      0.56          0          0          0
      0.57          0          0          0
      0.58          0          0          0
      0.59          0          0          0
       0.6          0          0          0
      0.61          0          0          0
      0.62          0          0          0
      0.63          0          0          0
      0.64          0          0          0
      0.65          0          0          0
      0.66          0          0          0
      0.67          0          0          0
      0.68          0          0          0
      0.69          0          0          0
       0.7          0          0          0
      0.71          0          0          0
      0.72          0          0          0
      0.73          0          0          0
      0.74          0          0          0
      0.75          0          0          0
      0.76          0          0          0
      0.77          0          0          0
      0.78          0          0          0
      0.79          0          0          0
       0.8          0          0          0
      0.81          0          0          0
      0.82          0          0          0
      0.83          0          0          0
      0.84          0          0          0
      0.85          0          0          0
      0.86          0          0          0
      0.87          0          0          0
      0.88          0          0          0
      0.89          0          0          0
       0.9          0          0          0
      0.91          0          0          0
      0.92          0          0          0
      0.93          0          0          0
      0.94          0          0          0
      0.95          0          0          0
      0.96          0          0          0
      0.97          0          0          0
      0.98          0          0          0
      0.99          0          0          0
