         0          1   0.273534   0.429567
      0.01    0.97807   0.363493   0.530011
      0.02    0.97807   0.363493   0.530011
      0.03    0.97807   0.363984   0.530533
      0.04   0.977199   0.368008   0.534665
      0.05   0.976424   0.372645   0.539424
      0.06   0.974536   0.381421    0.54826
      0.07   0.971535    0.38915   0.555709
      0.08   0.969308   0.403974   0.570277
      0.09   0.965097   0.412864   0.578324
       0.1   0.960885   0.428393    0.59259
      0.11   0.954108   0.439468   0.601761
      0.12   0.947475   0.444993   0.605572
      0.13   0.927724   0.451336   0.607248
      0.14   0.907102   0.451855   0.603225
      0.15   0.857966   0.449141   0.589619
      0.16   0.812606     0.4482   0.577741
      0.17   0.719708   0.441418   0.547214
      0.18   0.657598   0.440029    0.52725
      0.19   0.553033   0.439413   0.489719
       0.2   0.507867   0.446019   0.474938
      0.21   0.449533   0.465685   0.457466
      0.22   0.394685   0.501146   0.441589
      0.23    0.38539   0.530391   0.446411
      0.24   0.362444    0.56883   0.442768
      0.25   0.351552   0.602752    0.44409
      0.26   0.339255     0.6549   0.446969
      0.27   0.329767   0.691633   0.446598
      0.28   0.313937   0.750341   0.442666
      0.29    0.30106   0.798934   0.437324
       0.3   0.289926   0.853826   0.432867
      0.31   0.278162   0.894277   0.424336
      0.32   0.266496    0.91745    0.41302
      0.33   0.258024   0.942396   0.405126
      0.34   0.253522   0.953771   0.400569
      0.35   0.241032    0.97047   0.386156
      0.36   0.233916   0.980966   0.377754
      0.37   0.224234   0.989691   0.365628
      0.38   0.207387   0.996063   0.343298
      0.39   0.175388          1   0.298435
       0.4   0.150796          1   0.262073
      0.41    0.11323          1   0.203427
      0.42  0.0798761          1   0.147936
      0.43  0.0576076          1   0.108939
      0.44  0.0445854          1  0.0853647
      0.45    0.03592          1   0.069349
      0.46  0.0240596          1  0.0469887
      0.47  0.0114731          1  0.0226859
      0.48 0.00271095          1 0.00540723
      0.49          0          0          0
       0.5          0          0          0
      0.51          0          0          0
      0.52          0          0          0
      0.53          0          0          0
      0.54          0          0          0
      0.55          0          0          0
      0.56          0          0          0
      0.57          0          0          0
      0.58          0          0          0
      0.59          0          0          0
       0.6          0          0          0
      0.61          0          0          0
      0.62          0          0          0
      0.63          0          0          0
      0.64          0          0          0
      0.65          0          0          0
      0.66          0          0          0
      0.67          0          0          0
      0.68          0          0          0
      0.69          0          0          0
       0.7          0          0          0
      0.71          0          0          0
      0.72          0          0          0
      0.73          0          0          0
      0.74          0          0          0
      0.75          0          0          0
      0.76          0          0          0
      0.77          0          0          0
      0.78          0          0          0
      0.79          0          0          0
       0.8          0          0          0
      0.81          0          0          0
      0.82          0          0          0
      0.83          0          0          0
      0.84          0          0          0
      0.85          0          0          0
      0.86          0          0          0
      0.87          0          0          0
      0.88          0          0          0
      0.89          0          0          0
       0.9          0          0          0
      0.91          0          0          0
      0.92          0          0          0
      0.93          0          0          0
      0.94          0          0          0
      0.95          0          0          0
      0.96          0          0          0
      0.97          0          0          0
      0.98          0          0          0
      0.99          0          0          0
