         0          1   0.279386    0.43675
      0.01   0.935817    0.34867   0.508049
      0.02   0.932867   0.350496   0.509546
      0.03   0.928256    0.35491   0.513491
      0.04   0.915281    0.36741    0.52434
      0.05   0.901198   0.378639   0.533238
      0.06   0.872215   0.398314   0.546883
      0.07   0.847592   0.412281   0.554733
      0.08   0.804768   0.433602   0.563562
      0.09   0.774257    0.44819   0.567737
       0.1   0.725791   0.469835   0.570416
      0.11   0.675845    0.48931   0.567646
      0.12   0.643171   0.501377   0.563491
      0.13   0.596474   0.518086   0.554524
      0.14    0.56293   0.528366   0.545101
      0.15   0.512317   0.543584   0.527488
      0.16   0.480476   0.553774   0.514527
      0.17   0.436884   0.570415   0.494799
      0.18   0.410577   0.582037   0.481498
      0.19   0.374449   0.600384   0.461234
       0.2    0.35156   0.611243   0.446381
      0.21   0.321574   0.630335   0.425879
      0.22   0.294636   0.649036   0.405288
      0.23   0.278417   0.661863   0.391955
      0.24   0.253472    0.67972   0.369248
      0.25   0.239598   0.692721   0.356047
      0.26   0.217615   0.712011   0.333347
      0.27   0.203284   0.724601   0.317496
      0.28   0.183725   0.747635   0.294965
      0.29   0.170412    0.75967   0.278377
       0.3   0.153748   0.778631    0.25679
      0.31   0.138967   0.796073   0.236627
      0.32   0.129936   0.807609   0.223856
      0.33   0.116004   0.822068   0.203317
      0.34   0.108161   0.830494   0.191395
      0.35   0.095681   0.844836   0.171894
      0.36  0.0869752   0.852306   0.157843
      0.37  0.0749975   0.862178   0.137992
      0.38  0.0669771   0.865657   0.124334
      0.39  0.0551683   0.871507   0.103768
       0.4  0.0465967   0.874126   0.088477
      0.41  0.0360927   0.870034  0.0693101
      0.42  0.0259518   0.859641  0.0503826
      0.43  0.0202828   0.846764  0.0396167
      0.44   0.013667    0.81781  0.0268847
      0.45  0.0105121   0.808633  0.0207544
      0.46 0.00579102   0.768638  0.0114954
      0.47 0.00384339   0.746032 0.00764739
      0.48 0.00137097   0.708738 0.00273664
      0.49 0.000828887       0.75 0.00165594
       0.5 0.000375288   0.958333 0.000750281
      0.51 2.23749e-05          1 4.47487e-05
      0.52 2.03408e-05          1 4.06808e-05
      0.53 1.72897e-05          1 3.45787e-05
      0.54 1.52556e-05          1 3.05107e-05
      0.55 1.01704e-05          1 2.03406e-05
      0.56          0          0          0
      0.57          0          0          0
      0.58          0          0          0
      0.59          0          0          0
       0.6          0          0          0
      0.61          0          0          0
      0.62          0          0          0
      0.63          0          0          0
      0.64          0          0          0
      0.65          0          0          0
      0.66          0          0          0
      0.67          0          0          0
      0.68          0          0          0
      0.69          0          0          0
       0.7          0          0          0
      0.71          0          0          0
      0.72          0          0          0
      0.73          0          0          0
      0.74          0          0          0
      0.75          0          0          0
      0.76          0          0          0
      0.77          0          0          0
      0.78          0          0          0
      0.79          0          0          0
       0.8          0          0          0
      0.81          0          0          0
      0.82          0          0          0
      0.83          0          0          0
      0.84          0          0          0
      0.85          0          0          0
      0.86          0          0          0
      0.87          0          0          0
      0.88          0          0          0
      0.89          0          0          0
       0.9          0          0          0
      0.91          0          0          0
      0.92          0          0          0
      0.93          0          0          0
      0.94          0          0          0
      0.95          0          0          0
      0.96          0          0          0
      0.97          0          0          0
      0.98          0          0          0
      0.99          0          0          0
