    119082   0.119899   0.851795   0.736531    0.78998
     58060          0          1   0.374026   0.544424
     42049       0.14   0.954665   0.982124     0.9682
     24077       0.03   0.885787   0.532999   0.665532
     78004       0.17   0.701416   0.737129   0.718829
     45096  0.0424242   0.817666   0.745799   0.780081
     38092   0.127374    0.82147    0.80531    0.81331
     43074        0.1   0.503041   0.634135   0.561032
     16077       0.13   0.669516   0.554324   0.606499
     86000       0.08   0.834306   0.460791   0.593686
    101085   0.166263   0.744916   0.753608   0.749237
     89072       0.07   0.842667   0.403114   0.545346
    126007  0.0786869   0.822276   0.577615   0.678566
     76053       0.07   0.697984   0.621208   0.657362
     86016          0          1   0.363236   0.532903
    103070  0.0915152   0.555387   0.568146   0.561694
      8023   0.104141   0.756291   0.342398   0.471385
     41033  0.0988889   0.665695   0.550849   0.602851
    109053  0.0844444   0.683349   0.446292   0.539947
    130026   0.212121   0.391723   0.459505   0.422915
    108082       0.06   0.781668   0.172998   0.283298
     69040          0          1   0.319512   0.484288
     14037  0.0957576   0.564101   0.802357   0.662458
     54082       0.04   0.827454   0.633119   0.717358
     62096       0.33   0.690018   0.939752   0.795751
     12084   0.101616   0.856451   0.391359   0.537229
     69015       0.09   0.746956   0.872131   0.804705
     97033       0.13   0.927724   0.451336   0.607248
     19021        0.1   0.778189   0.690553   0.731756
     86068  0.0926263   0.682946   0.355167    0.46731
      3096       0.07   0.721575   0.919868   0.808744
     41069   0.154646    0.50215   0.406743   0.449439
     21077       0.13   0.813117   0.653903    0.72487
    108070          0          1   0.230724    0.37494
    123074   0.134848   0.388082    0.42287    0.40473
     38082  0.0670707   0.845434   0.494785   0.624239
     33039          0          1   0.331079    0.49746
    108005  0.0779798   0.814519   0.384898   0.522766
    106024       0.11   0.510103   0.763899   0.611721
    102061   0.106667   0.779592   0.387781   0.517934
     37073       0.04   0.960224   0.874436   0.915324
     65033   0.101717   0.758492   0.607264   0.674505
     55073   0.105455   0.758197   0.513391   0.612229
     66053  0.0944444   0.663879   0.475733   0.554275
     85048       0.14   0.768887   0.579329   0.660782
     42012  0.0463636   0.822148   0.504276   0.625123
     87046       0.16     0.6224   0.524311    0.56916
    105025       0.13   0.667956   0.485513   0.562306
    101087  0.0972727   0.815797   0.800733   0.808195
     69020        0.1   0.745801   0.595775     0.6624
