    119082       0.02   0.964934   0.603823   0.742817
     58060       0.03   0.691235   0.695464   0.693343
     42049       0.04   0.853668   0.981802   0.913263
     24077       0.04   0.793192   0.669807   0.726297
     78004  0.0327273   0.831652   0.777626   0.803732
     45096       0.02   0.875047   0.796882   0.834137
     38092       0.03   0.810051   0.801221   0.805612
     43074  0.0179798   0.668192   0.674583   0.671372
     16077  0.0218182   0.736723   0.470196   0.574031
     86000  0.0372727   0.688019   0.596884   0.639219
    101085       0.03   0.891639   0.560061   0.687983
     89072       0.02   0.710603   0.487641   0.578378
    126007  0.0271717   0.846023   0.675697   0.751328
     76053  0.0210101   0.713458   0.574542   0.636509
     86016  0.0131313   0.645562   0.548271   0.592952
    103070       0.02   0.717085   0.558616   0.628008
      8023  0.0241414   0.795162   0.237745   0.366046
     41033       0.03   0.742613   0.677792   0.708724
    109053  0.0254545   0.649744   0.554496   0.598353
    130026  0.0471717   0.375394   0.624932   0.469039
    108082  0.0312121   0.610213   0.230763   0.334884
     69040          0          1   0.319512   0.484288
     14037  0.0210101    0.78136   0.572879   0.661072
     54082       0.01   0.860155   0.661082   0.747593
     62096       0.05   0.908259   0.902778    0.90551
     12084       0.01   0.961303   0.307341    0.46577
     69015       0.02   0.893086   0.740337    0.80957
     97033       0.03   0.835165   0.530631   0.648947
     19021       0.02   0.844183   0.704384   0.767973
     86068       0.03   0.749643   0.313357   0.441968
      3096  0.0163636   0.744109   0.785322    0.76416
     41069  0.0227273   0.757131   0.663321   0.707128
     21077  0.0231313   0.890959   0.607231   0.722229
    108070       0.02   0.585971   0.276453    0.37567
    123074       0.03   0.686118   0.219124   0.332165
     38082  0.0160606     0.7924   0.542694   0.644195
     33039  0.0448485   0.619918   0.529836   0.571348
    108005  0.0216162   0.810652   0.461609   0.588251
    106024  0.0252525   0.650509   0.837251    0.73216
    102061  0.0354545   0.597122    0.54548   0.570134
     37073       0.01   0.893931   0.833737   0.862785
     65033   0.029596   0.776169   0.789427   0.782742
     55073       0.02   0.783113   0.563394   0.655327
     66053  0.0268687    0.75913   0.664728     0.7088
     85048       0.04   0.820326   0.671466   0.738469
     42012  0.0144444   0.766887   0.523664   0.622356
     87046  0.0220202   0.787225   0.553653   0.650095
    105025       0.03   0.721094   0.479238     0.5758
    101087       0.02   0.905215   0.803162    0.85114
     69020       0.03   0.847469   0.606573   0.707066
